0.865958
0.276901
0.665213
-0.549081
-0.220369
-0.593089
0.134786
-0.66344
-0.473411
0.0489173
-0.107936
-0.700215
-1.16265
-0.7965
0.0652923
0.0418971
0.0742023
-0.745048
0.425115
-1.28472
-0.334884
-0.183003
0.489973
1.17706
0.0826674
0.0924688
-0.138166
-0.43942
-0.320125
0.081534
0.805504
0.507458
-1.08078
-0.159006
-0.757219
0.266412
0.185582
-0.0880682
-0.103353
0.523747
0.686322
-0.107228
0.453378
0.338045
0.151071
-0.209987
0.767869
-0.199708
1.37813
0.896005
2.46189
-0.450459
-0.214952
-0.108112
0.169133
-0.644324
0.646348
-0.567903
-0.191983
-0.407055
0.0549333
-0.126308
0.381111
-0.594601
-1.6683
-1.30992
1.17348
1.15827
-0.502321
0.890793
-0.926452
0.623744
0.344405
-0.104008
-2.18951
0.236004
0.36348
-0.138807
1.2635
0.68879
-1.01599
0.400226
-0.0503568
-0.321168
0.247222
-0.688455
-0.40584
0.289757
-1.27518
-0.311385
-0.518665
-1.07488
-0.8315
-0.0487615
0.466612
0.122157
0.4539
-0.248766
-1.46458
0.640197
0.770162
6.03765
-0.777407
-0.171271
-0.00156439
-0.611788
-1.49434
0.323798
-1.32204
0.334763
-0.546177
0.0483669
1.0536
-0.238449
-0.909594
-1.36379
0.217592
0.118916
0.226123
-0.129769
-1.379
-2.03596
0.47459
-1.49296
-0.622786
-0.272608
0.599945
1.59143
0.377397
0.348465
-0.152485
-0.0372803
-0.470387
0.253169
-1.18822
-1.05007
-0.598986
-1.69716
-0.834433
-0.275815
-0.524027
-0.494939
0.411929
-1.60028
-1.80552
-1.54334
-1.27459
-1.43086
-0.366974
-0.783275
0.321372
0.787372
14.8655
0.979543
0.33283
0.673713
-1.04253
-0.110346
0.469057
3.02864
0.12928
-1.41138
0.403216
-0.00314778
-0.486708
-1.08599
-1.95988
0.34798
0.333081
-0.83213
-0.195715
0.854347
-0.3516
0.01112
0.642989
0.990463
2.52571
0.470374
-0.00305315
0.811503
-0.522122
-1.40178
1.51264
0.580633
-0.174102
-1.10041
0.0953097
-0.418588
-0.421447
-0.155901
-0.314263
0.850725
-0.567224
0.862942
0.548368
0.495158
-0.0887306
0.0622467
0.0636771
-0.744757
-0.497679
1.00421
0.915792
-8.20843
0.388375
-0.342141
-0.739266
-0.403504
-0.616637
0.238804
-0.387997
0.580243
-0.0228967
0.293557
-0.1821
0.857765
0.20536
-0.244389
-0.102853
-0.516315
-0.89165
-0.0593056
0.125054
-0.502666
0.313467
0.254401
0.631852
-0.298014
0.0249344
1.52691
-0.0996011
0.296894
-0.713342
-0.683356
0.204156
-1.25663
0.077843
-0.167958
0.358168
-0.00263363
0.508817
-0.785954
0.0157216
-0.178609
0.514947
-0.362791
-0.527341
-0.145962
0.332923
-0.0797287
0.0145171
0.0807033
-0.145787
0.235152
-8.36075
0.712916
0.168201
-1.40823
-0.200384
-0.20503
0.195427
-0.939567
0.553482
0.271091
-0.554547
0.176528
-1.05694
0.0868892
0.0898522
-0.104241
-1.47661
0.461257
-1.25565
-0.701107
-0.772574
-0.437543
-0.943929
-0.362334
-2.4457
-0.802262
0.0937107
0.309273
-1.10397
1.431
-0.363957
-1.78511
-0.838265
0.255947
-1.41872
2.24574
-0.684065
-1.55875
0.334617
-0.0327721
1.21593
0.132029
2.32966
-1.57483
-1.30155
0.0592913
-1.13221
-1.31838
-0.697799
-0.415505
0.676317
25.2793
-0.0468016
-0.274681
-0.202294
-0.352069
-0.377662
0.0832287
0.684662
-0.237439
0.122627
0.343215
-0.038134
-0.082029
-0.0164369
-0.753636
-0.386364
0.0707237
-0.589734
-0.0346181
0.589538
-0.880882
-0.0930614
-0.207761
0.65395
0.732653
0.81541
1.11103
-0.0444195
0.0254445
0.170176
-0.32171
0.112902
0.0107208
-0.704537
-0.467547
-0.0195529
-0.0241608
0.0410743
-0.33967
-0.126427
-0.141314
-0.214492
-0.183592
-0.221412
0.106512
0.736316
-0.0748213
-0.481106
-0.0658924
-0.223103
0.5341
0
-0.0468016
-0.274681
-0.202294
-0.352069
-0.377662
0.0832287
0.684662
-0.237439
0.122627
0.343215
-0.038134
-0.082029
-0.0164369
-0.753636
-0.386364
0.0707237
-0.589734
-0.0346181
0.589538
-0.880882
-0.0930614
-0.207761
0.65395
0.732653
0.81541
1.11103
-0.0444195
0.0254445
0.170176
-0.32171
0.112902
0.0107208
-0.704537
-0.467547
-0.0195529
-0.0241608
0.0410743
-0.33967
-0.126427
-0.141314
-0.214492
-0.183592
-0.221412
0.106512
0.736316
-0.0748213
-0.481106
-0.0658924
-0.223103
0.5341
0
-0.0468016
-0.274681
-0.202294
-0.352069
-0.377662
0.0832287
0.684662
-0.237439
0.122627
0.343215
-0.038134
-0.082029
-0.0164369
-0.753636
-0.386364
0.0707237
-0.589734
-0.0346181
0.589538
-0.880882
-0.0930614
-0.207761
0.65395
0.732653
0.81541
1.11103
-0.0444195
0.0254445
0.170176
-0.32171
0.112902
0.0107208
-0.704537
-0.467547
-0.0195529
-0.0241608
0.0410743
-0.33967
-0.126427
-0.141314
-0.214492
-0.183592
-0.221412
0.106512
0.736316
-0.0748213
-0.481106
-0.0658924
-0.223103
0.5341
0
-0.0468016
-0.274681
-0.202294
-0.352069
-0.377662
0.0832287
0.684662
-0.237439
0.122627
0.343215
-0.038134
-0.082029
-0.0164369
-0.753636
-0.386364
0.0707237
-0.589734
-0.0346181
0.589538
-0.880882
-0.0930614
-0.207761
0.65395
0.732653
0.81541
1.11103
-0.0444195
0.0254445
0.170176
-0.32171
0.112902
0.0107208
-0.704537
-0.467547
-0.0195529
-0.0241608
0.0410743
-0.33967
-0.126427
-0.141314
-0.214492
-0.183592
-0.221412
0.106512
0.736316
-0.0748213
-0.481106
-0.0658924
-0.223103
0.5341
0
-0.0468016
-0.274681
-0.202294
-0.352069
-0.377662
0.0832287
0.684662
-0.237439
0.122627
0.343215
-0.038134
-0.082029
-0.0164369
-0.753636
-0.386364
0.0707237
-0.589734
-0.0346181
0.589538
-0.880882
-0.0930614
-0.207761
0.65395
0.732653
0.81541
1.11103
-0.0444195
0.0254445
0.170176
-0.32171
0.112902
0.0107208
-0.704537
-0.467547
-0.0195529
-0.0241608
0.0410743
-0.33967
-0.126427
-0.141314
-0.214492
-0.183592
-0.221412
0.106512
0.736316
-0.0748213
-0.481106
-0.0658924
-0.223103
0.5341
0
-0.0468016
-0.274681
-0.202294
-0.352069
-0.377662
0.0832287
0.684662
-0.237439
0.122627
0.343215
-0.038134
-0.082029
-0.0164369
-0.753636
-0.386364
0.0707237
-0.589734
-0.0346181
0.589538
-0.880882
-0.0930614
-0.207761
0.65395
0.732653
0.81541
1.11103
-0.0444195
0.0254445
0.170176
-0.32171
0.112902
0.0107208
-0.704537
-0.467547
-0.0195529
-0.0241608
0.0410743
-0.33967
-0.126427
-0.141314
-0.214492
-0.183592
-0.221412
0.106512
0.736316
-0.0748213
-0.481106
-0.0658924
-0.223103
0.5341
0
2.75136
-4.99478
-2.35206
5.30474
1.03355
-3.79679
1.28638
1.28638
1.28638
1.28638
1.28638
1.28638
0.480876
1.03043
-2.84298
-2.11641
1.62186
0.0862913
-2.79986
0.656955
0.656955
0.656955
0.656955
0.656955
0.656955
14.9022
-4.13088
1.05025
0.612077
-4.3555
1.9447
0.281051
-3.54696
-3.54696
-3.54696
-3.54696
-3.54696
-3.54696
36.2154
5.24732
-2.07718
-0.278467
4.93015
-4.97343
2.5232
1.09832
1.09832
1.09832
1.09832
1.09832
1.09832
-10.9795
2.71612
0.551985
0.801181
3.00673
2.44258
1.04149
3.43578
3.43578
3.43578
3.43578
3.43578
3.43578
-21.5575
-3.09886
1.75454
0.996552
-1.48509
2.21846
-1.97155
-2.30241
-2.30241
-2.30241
-2.30241
-2.30241
-2.30241
14.5963
0.813639
-0.838277
-0.451563
-0.938965
-1.12744
-0.379519
0.344916
0.344916
0.344916
0.344916
0.344916
0.344916
0
0.813639
-0.838277
-0.451563
-0.938965
-1.12744
-0.379519
0.344916
0.344916
0.344916
0.344916
0.344916
0.344916
0
0.813639
-0.838277
-0.451563
-0.938965
-1.12744
-0.379519
0.344916
0.344916
0.344916
0.344916
0.344916
0.344916
0
0.813639
-0.838277
-0.451563
-0.938965
-1.12744
-0.379519
0.344916
0.344916
0.344916
0.344916
0.344916
0.344916
0
0.813639
-0.838277
-0.451563
-0.938965
-1.12744
-0.379519
0.344916
0.344916
0.344916
0.344916
0.344916
0.344916
0
0.813639
-0.838277
-0.451563
-0.938965
-1.12744
-0.379519
0.344916
0.344916
0.344916
0.344916
0.344916
0.344916
0
4.67859
-7.29215
-13.5801
6.2255
1.06319
-13.7812
-2.01946
-2.01946
-2.01946
-2.01946
-2.01946
-2.01946
36.988
5.0078
3.08145
1.06909
1.34677
1.51999
1.16342
4.44245
4.44245
4.44245
4.44245
4.44245
4.44245
-19.9062
-0.665106
-0.456622
1.86912
-0.665199
-0.424618
1.876
0.185749
0.185749
0.185749
0.185749
0.185749
0.185749
-8.13525
1.56651
1.55756
-2.93987
8.15002
1.41667
-4.76163
0.903724
0.903724
0.903724
0.903724
0.903724
0.903724
-5.76773
8.2579
14.364
10.9914
0.712465
2.98466
10.5161
5.06272
5.06272
5.06272
5.06272
5.06272
5.06272
-45.4568
-2.95016
0.437018
4.35675
1.89497
-4.08647
4.90233
-2.60737
-2.60737
-2.60737
-2.60737
-2.60737
-2.60737
-3.76379
-4.21826
-1.598
-1.89296
1.85523
-1.15553
-1.01751
1.89542
1.89542
1.89542
1.89542
1.89542
1.89542
0
-4.21826
-1.598
-1.89296
1.85523
-1.15553
-1.01751
1.89542
1.89542
1.89542
1.89542
1.89542
1.89542
0
-4.21826
-1.598
-1.89296
1.85523
-1.15553
-1.01751
1.89542
1.89542
1.89542
1.89542
1.89542
1.89542
0
-4.21826
-1.598
-1.89296
1.85523
-1.15553
-1.01751
1.89542
1.89542
1.89542
1.89542
1.89542
1.89542
0
-4.21826
-1.598
-1.89296
1.85523
-1.15553
-1.01751
1.89542
1.89542
1.89542
1.89542
1.89542
1.89542
0
-4.21826
-1.598
-1.89296
1.85523
-1.15553
-1.01751
1.89542
1.89542
1.89542
1.89542
1.89542
1.89542
0
6.3803
6.87778
-1.34864
-2.07306
3.67556
-5.50376
-5.10964
-5.10964
-5.10964
-5.10964
-5.10964
-5.10964
-0.415586
-1.68444
2.60616
-0.711915
-0.107388
-6.39972
-3.62353
3.77259
3.77259
3.77259
3.77259
3.77259
3.77259
-9.94654
-12.9015
-8.82225
1.75598
-3.71235
6.7603
-0.175424
3.1346
3.1346
3.1346
3.1346
3.1346
3.1346
-2.26949
-8.05151
5.2339
-0.818762
6.33507
1.52707
-9.18183
3.78648
3.78648
3.78648
3.78648
3.78648
3.78648
-5.36169
-6.71005
-8.1053
-0.545643
4.18339
10.6938
-1.91958
-3.77818
-3.77818
-3.77818
-3.77818
-3.77818
-3.77818
0.453973
11.5447
2.67605
1.13542
-9.69368
-12.2087
10.1227
-1.24299
-1.24299
-1.24299
-1.24299
-1.24299
-1.24299
2.75687
