0.00658744
-0.00810329
0.0102483
-0.00551747
-0.00170591
0.00140642
0.00660623
0.00226893
0.00433324
0.00850861
-0.00475935
0.00313502
0.00311438
-0.00848689
0.000261329
0.00867069
0.00347318
-0.00867955
-0.0083207
0.0043914
0.0041747
-0.00101234
0.00232602
0.00369968
0.00136026
-0.00630419
0.00232476
-0.00202964
0.00814907
-0.00124616
-0.00106537
0.00241725
-0.00522846
0.00156107
0.00217932
0.00264714
-0.00270002
0.00560716
-0.00528086
-0.00603938
-0.00160606
0.00438891
-0.000711138
0.000403907
-0.00467607
-0.00127012
0.00193802
0.00572807
-0.00389001
0.00163866
-4.90719
-0.453523
0.881771
-0.488754
-0.463533
0.124342
1.02987
0.527569
0.597996
0.750184
-0.705537
0.760134
0.141292
-1.09218
0.969391
1.46252
-0.581934
0.253284
0.666761
-0.731004
-1.02743
-0.0588579
-0.358398
-0.858361
1.39309
-0.954571
-0.524296
0.529749
-0.58035
-1.24192
0.612193
-0.142894
-0.431318
0.787315
0.301411
-0.238815
-0.493706
-0.28431
-0.879031
0.312587
-0.0700265
0.392966
0.286456
0.719685
0.425637
0.986645
0.0665734
-0.440861
-0.529203
0.877305
-0.230696
-22.0427
0.40889
-0.329432
-0.420437
0.0623908
0.209837
-0.311576
-0.032688
-0.183638
-0.11385
-0.0618259
-0.237472
0.392148
-0.352478
0.172343
-0.4378
0.414616
-0.23766
-0.388784
0.526345
0.203363
0.312038
0.624285
0.496591
-0.310335
0.383091
0.22432
-0.178417
0.0161939
0.316301
-0.00377299
0.0084319
0.346438
-0.126323
-0.237781
-0.282982
0.361506
-0.0252364
0.0460863
-0.606588
0.176725
0.0496242
-0.126128
-0.0973741
0.286246
-0.250919
-0.10834
0.254652
-0.0752534
-0.248487
-0.133877
-1.09451
-0.00148446
-0.0153233
0.213195
-0.149728
-0.000637005
0.0720091
0.0882701
0.121595
0.136699
0.0870223
0.0135266
0.0815976
0.0398849
-0.117966
0.143869
0.0491662
0.0445531
-0.0229691
-0.201645
-0.0126104
0.0314009
-0.0794581
-0.0245092
0.0483515
-0.102813
-0.157558
0.144909
-0.0712089
0.0787219
-0.0637422
0.00212232
-0.107506
-0.0237028
0.04386
0.0873962
-0.048625
-0.0488483
0.0198185
0.0579157
-0.107524
0.0173576
0.0584897
-0.00345848
-0.0197264
0.0106607
-0.0175108
0.0222467
0.0571597
0.0208302
0.0722735
-0.411985
0.117241
0.197484
0.876785
0.104342
0.0293285
0.738505
-0.0112047
-0.111135
0.528548
0.330184
0.449024
0.0328521
0.027485
0.443595
0.45676
-0.681848
-0.306898
0.77773
-0.125793
-0.414492
-0.367911
-0.336101
-0.30307
0.448953
-0.0541385
-0.316947
0.745493
0.44103
-0.41445
-0.0697483
0.000192183
0.0128538
0.428398
-0.177334
0.495953
0.238425
0.170424
0.0929255
0.309025
0.0351358
-0.267532
-0.708539
0.211806
-0.289216
0.386011
0.488557
-0.3351
0.060843
0.271462
-0.0747825
-10.9158
-0.150704
0.123494
-0.284504
0.073546
0.435901
-0.309566
0.214982
0.0320119
0.218611
0.0462456
-0.254888
0.74102
-0.311822
0.231448
-0.460115
0.781159
0.294931
0.0227446
0.369486
0.0491652
0.548322
0.309699
0.541851
-0.389971
-0.433942
0.539668
-0.136626
-0.200531
0.201259
-0.0266293
0.00662822
-0.0121821
-0.00987942
-0.0368008
-0.145895
-0.0422411
-0.289237
-0.043753
-0.531974
0.348498
-0.0386906
-0.0872908
-0.302421
0.124141
-0.357228
-0.474862
0.318803
0.245835
-0.656791
0.126965
1.12235
-0.0859098
0.0189412
-0.390134
-0.0441112
0.14456
-0.177481
0.0430833
0.0550732
0.203074
-0.0489067
-0.10351
0.292119
-0.303231
0.101318
-0.347338
0.410093
0.261655
-0.0254607
0.230913
0.202903
0.474049
0.248206
0.373422
0.146809
-0.0779177
0.400512
-0.32582
-0.123238
0.151283
0.0720714
-0.128838
-0.00042663
-0.0043062
0.123191
-0.162211
-0.0282592
-0.196753
-0.183325
-0.469206
0.124519
0.047097
0.0104674
-0.0828898
0.200739
-0.0947978
-0.549076
0.265752
0.197413
-0.226775
0.223333
0
-0.0859098
0.0189412
-0.390134
-0.0441112
0.14456
-0.177481
0.0430833
0.0550732
0.203074
-0.0489067
-0.10351
0.292119
-0.303231
0.101318
-0.347338
0.410093
0.261655
-0.0254607
0.230913
0.202903
0.474049
0.248206
0.373422
0.146809
-0.0779177
0.400512
-0.32582
-0.123238
0.151283
0.0720714
-0.128838
-0.00042663
-0.0043062
0.123191
-0.162211
-0.0282592
-0.196753
-0.183325
-0.469206
0.124519
0.047097
0.0104674
-0.0828898
0.200739
-0.0947978
-0.549076
0.265752
0.197413
-0.226775
0.223333
0
-0.0859098
0.0189412
-0.390134
-0.0441112
0.14456
-0.177481
0.0430833
0.0550732
0.203074
-0.0489067
-0.10351
0.292119
-0.303231
0.101318
-0.347338
0.410093
0.261655
-0.0254607
0.230913
0.202903
0.474049
0.248206
0.373422
0.146809
-0.0779177
0.400512
-0.32582
-0.123238
0.151283
0.0720714
-0.128838
-0.00042663
-0.0043062
0.123191
-0.162211
-0.0282592
-0.196753
-0.183325
-0.469206
0.124519
0.047097
0.0104674
-0.0828898
0.200739
-0.0947978
-0.549076
0.265752
0.197413
-0.226775
0.223333
0
-0.0859098
0.0189412
-0.390134
-0.0441112
0.14456
-0.177481
0.0430833
0.0550732
0.203074
-0.0489067
-0.10351
0.292119
-0.303231
0.101318
-0.347338
0.410093
0.261655
-0.0254607
0.230913
0.202903
0.474049
0.248206
0.373422
0.146809
-0.0779177
0.400512
-0.32582
-0.123238
0.151283
0.0720714
-0.128838
-0.00042663
-0.0043062
0.123191
-0.162211
-0.0282592
-0.196753
-0.183325
-0.469206
0.124519
0.047097
0.0104674
-0.0828898
0.200739
-0.0947978
-0.549076
0.265752
0.197413
-0.226775
0.223333
0
0.00776063
-0.00335283
0.377228
0.00468263
0.00365871
0.384505
0.374646
0.374646
0.374646
0.374646
-7.28365
0.00532204
-0.0262027
0.684932
0.0183448
0.0188682
0.451187
0.487628
0.487628
0.487628
0.487628
-6.31343
-0.0346674
-2.10011
2.08641
-0.458978
-2.74476
1.92913
0.788721
0.788721
0.788721
0.788721
2.99961
0.00477072
0.0374493
0.143855
0.0112901
0.0632706
0.192076
0.183519
0.183519
0.183519
0.183519
-0.392592
0.000469961
0.0110002
-0.00412245
0.00150768
0.0146077
-0.0308579
-0.0279942
-0.0279942
-0.0279942
-0.0279942
-5.05032
-0.0290657
-1.97422
2.66221
-0.538879
-0.339618
2.76723
0.827709
0.827709
0.827709
0.827709
-0.197989
-0.0242107
-1.29669
1.10839
-0.410966
-1.04282
1.19132
0.515799
0.515799
0.515799
0.515799
0
-0.0242107
-1.29669
1.10839
-0.410966
-1.04282
1.19132
0.515799
0.515799
0.515799
0.515799
0
-0.0242107
-1.29669
1.10839
-0.410966
-1.04282
1.19132
0.515799
0.515799
0.515799
0.515799
0
-0.0242107
-1.29669
1.10839
-0.410966
-1.04282
1.19132
0.515799
0.515799
0.515799
0.515799
0
0.319464
0.239138
0.198218
0.0809136
0.0274507
0.201497
0.441329
0.441329
0.441329
0.441329
4.15562
-0.01155
0.257148
-0.171611
0.010955
0.110388
-1.06114
0.0849025
0.0849025
0.0849025
0.0849025
-4.98138
-0.109606
-0.453288
-5.1746
-0.657875
0.190447
-8.54775
-3.53747
-3.53747
-3.53747
-3.53747
22.9166
0.408237
1.40066
3.84448
0.14753
0.124468
4.76207
4.32858
4.32858
4.32858
4.32858
-22.9989
-0.00124165
-0.00126191
-0.0185362
-0.00104213
0.00392815
-0.0763467
-0.0198323
-0.0198323
-0.0198323
-0.0198323
-4.99133
0.187508
0.597003
2.62227
0.00178342
0.0163033
2.72843
2.35342
2.35342
2.35342
2.35342
-6.80313
0.215105
-0.0848243
1.12213
-0.0116097
-0.0880644
1.08309
0.66931
0.66931
0.66931
0.66931
0
0.215105
-0.0848243
1.12213
-0.0116097
-0.0880644
1.08309
0.66931
0.66931
0.66931
0.66931
0
0.215105
-0.0848243
1.12213
-0.0116097
-0.0880644
1.08309
0.66931
0.66931
0.66931
0.66931
0
0.215105
-0.0848243
1.12213
-0.0116097
-0.0880644
1.08309
0.66931
0.66931
0.66931
0.66931
0
-0.749001
-1.09009
-7.16051
3.17408
-0.140564
4.05859
0.771238
0.771238
0.771238
0.771238
-0.443347
-0.608872
-0.499387
-1.06721
0.0759971
-0.092147
6.79155
1.50109
1.50109
1.50109
1.50109
-5.53514
2.87386
1.48533
6.47293
-10.0754
0.145447
0.275232
1.18652
1.18652
1.18652
1.18652
-0.609695
-1.94612
-1.16558
-8.5564
9.2207
-0.0801796
1.22586
-0.255047
-0.255047
-0.255047
-0.255047
0.519356
1.76524
0.0817957
1.10082
1.72975
0.0988754
2.59068
1.82526
1.82526
1.82526
1.82526
-16.7924
-0.228115
0.221661
2.98927
-1.28828
0.055529
-0.426936
-0.695683
-0.695683
-0.695683
-0.695683
1.97885
1.34922
0.390836
3.13828
-2.32434
0.0679934
-3.13675
-0.377173
-0.377173
-0.377173
-0.377173
0
1.34922
0.390836
3.13828
-2.32434
0.0679934
-3.13675
-0.377173
-0.377173
-0.377173
-0.377173
0
1.34922
0.390836
3.13828
-2.32434
0.0679934
-3.13675
-0.377173
-0.377173
-0.377173
-0.377173
0
1.34922
0.390836
3.13828
-2.32434
0.0679934
-3.13675
-0.377173
-0.377173
-0.377173
-0.377173
0
1.41686
-7.04691
8.36425
7.59779
-2.11353
-1.54597
0.913538
0.913538
0.913538
0.913538
-5.99917
-8.85139
5.90095
-0.820511
-1.86924
-0.0699501
0.348906
-0.145972
-0.145972
-0.145972
-0.145972
-2.43998
0.758152
6.86716
-7.76849
-9.08676
2.22019
2.07595
-2.92922
-2.92922
-2.92922
-2.92922
5.22817
-7.65576
-0.0427664
3.65068
-5.45145
0.253439
2.20491
3.88897
3.88897
3.88897
3.88897
-0.501557
2.66028
-0.204411
1.53476
-4.64696
-0.642673
-1.7067
-2.08813
-2.08813
-2.08813
-2.08813
-1.84865
5.0603
-0.943448
-4.66032
5.2963
-0.294649
-2.10497
-3.41674
-3.41674
-3.41674
-3.41674
-0.579907
