0.00127412
-0.00123668
-0.00213915
-3.28825e-05
-0.00163258
-0.000283736
-7.84584e-05
-0.00218197
-9.57264e-05
0.000338322
0.000214293
-0.000377491
0.00026524
0.000660172
7.31787e-05
-0.000295586
0.00134103
-0.000312471
6.20467e-06
-0.0018053
-0.000553662
0.000615526
-0.00131024
-0.00134354
-0.00166682
-0.00178093
0.000985902
-0.00151002
-0.000428318
0.000656626
-0.000123062
0.000577701
0.000187448
0.000250575
-0.00166537
0.000277091
-0.00134352
5.35483e-05
-0.00200626
0.000243519
0.0016689
-0.00101286
0.00108955
-0.000514823
-0.00119437
-0.00172041
0.000365312
-0.000617035
0.00075042
0.0002084
-4.50582
0.00127412
-0.00123668
-0.00213915
-3.28825e-05
-0.00163258
-0.000283736
-7.84584e-05
-0.00218197
-9.57264e-05
0.000338322
0.000214293
-0.000377491
0.00026524
0.000660172
7.31787e-05
-0.000295586
0.00134103
-0.000312471
6.20467e-06
-0.0018053
-0.000553662
0.000615526
-0.00131024
-0.00134354
-0.00166682
-0.00178093
0.000985902
-0.00151002
-0.000428318
0.000656626
-0.000123062
0.000577701
0.000187448
0.000250575
-0.00166537
0.000277091
-0.00134352
5.35483e-05
-0.00200626
0.000243519
0.0016689
-0.00101286
0.00108955
-0.000514823
-0.00119437
-0.00172041
0.000365312
-0.000617035
0.00075042
0.0002084
-4.50582
0.146839
0.124345
-0.0408622
0.121575
-0.0211159
0.0190375
0.157684
-0.057201
-0.0290301
-0.00304128
0.0301116
-0.0363462
-0.0414001
0.0142181
0.0110814
-0.102853
0.0624759
0.0089835
0.13689
-0.0137804
-0.0456285
0.128284
0.0800051
0.100645
0.076185
-0.1065
0.141053
-0.0170205
-0.0594671
0.0214138
-0.0474833
0.00207219
0.00291917
0.12771
-0.0532924
0.10784
-0.0224281
0.143703
-0.088636
-0.106615
0.110768
-0.100964
0.0816488
0.0892182
0.0895866
-0.0695183
0.0480784
-0.0711694
0.0270363
0.167074
4.90652
-0.171558
-0.0225798
0.142301
-0.0844029
0.101468
0.00154483
-0.107574
0.156147
0.0256423
-0.0157717
-0.0326911
0.0457562
0.0152808
-0.0450551
-0.0117295
0.0885412
-0.115326
0.0101914
-0.0973257
0.105422
0.0616681
-0.123514
0.0127362
-0.000124883
0.0343371
0.169829
-0.152186
0.0920715
0.0648322
-0.0499659
0.0401661
-0.0320789
-0.0120007
-0.103769
0.126005
-0.0910952
0.087081
-0.104662
0.169111
0.0626411
-0.166917
0.125209
-0.115586
-0.0359389
-0.000192697
0.140418
-0.053424
0.0831237
-0.0589197
-0.129427
-0.0422437
0.00127412
-0.00123668
-0.00213915
-3.28825e-05
-0.00163258
-0.000283736
-7.84584e-05
-0.00218197
-9.57264e-05
0.000338322
0.000214293
-0.000377491
0.00026524
0.000660172
7.31787e-05
-0.000295586
0.00134103
-0.000312471
6.20467e-06
-0.0018053
-0.000553662
0.000615526
-0.00131024
-0.00134354
-0.00166682
-0.00178093
0.000985902
-0.00151002
-0.000428318
0.000656626
-0.000123062
0.000577701
0.000187448
0.000250575
-0.00166537
0.000277091
-0.00134352
5.35483e-05
-0.00200626
0.000243519
0.0016689
-0.00101286
0.00108955
-0.000514823
-0.00119437
-0.00172041
0.000365312
-0.000617035
0.00075042
0.0002084
-4.50582
-0.0028361
-0.00151972
0.00146891
-0.00193385
0.000959845
-0.00019672
-0.00249458
0.00174679
0.000501221
-8.01635e-05
-0.000563691
0.000725661
0.000561781
-0.00047906
-0.000205279
0.00175922
-0.00151096
-2.48149e-05
-0.00219392
0.000908186
0.000941364
-0.00228821
-0.000781834
-0.0010996
-0.000584868
0.00238331
-0.00263369
0.000847598
0.00111518
-0.000592909
0.000807059
-0.000253198
-0.000118126
-0.00214003
0.00148747
-0.00183202
0.000870759
-0.00232104
0.00218313
0.00161412
-0.00240897
0.00200216
-0.00172213
-0.00123228
-0.000979361
0.0017682
-0.000908851
0.0013744
-0.000718646
-0.00275416
-4.20831
-0.168129
-0.015734
0.144385
-0.0797118
0.103442
0.00275363
-0.101428
0.15768
0.0246985
-0.0164635
-0.0319078
0.045013
0.0132509
-0.0456368
-0.0114316
0.0851231
-0.115227
0.0110658
-0.0921173
0.107969
0.060871
-0.119671
0.0180167
0.00599928
0.040079
0.1688
-0.148487
0.093993
0.0632941
-0.0502672
0.0385653
-0.0329833
-0.0122085
-0.099327
0.126808
-0.0874555
0.0885129
-0.0992745
0.169147
0.0581619
-0.165535
0.123084
-0.114328
-0.0316611
0.00525593
0.140696
-0.0522128
0.0814607
-0.0591664
-0.123412
0
-0.168129
-0.015734
0.144385
-0.0797118
0.103442
0.00275363
-0.101428
0.15768
0.0246985
-0.0164635
-0.0319078
0.045013
0.0132509
-0.0456368
-0.0114316
0.0851231
-0.115227
0.0110658
-0.0921173
0.107969
0.060871
-0.119671
0.0180167
0.00599928
0.040079
0.1688
-0.148487
0.093993
0.0632941
-0.0502672
0.0385653
-0.0329833
-0.0122085
-0.099327
0.126808
-0.0874555
0.0885129
-0.0992745
0.169147
0.0581619
-0.165535
0.123084
-0.114328
-0.0316611
0.00525593
0.140696
-0.0522128
0.0814607
-0.0591664
-0.123412
0
-0.168129
-0.015734
0.144385
-0.0797118
0.103442
0.00275363
-0.101428
0.15768
0.0246985
-0.0164635
-0.0319078
0.045013
0.0132509
-0.0456368
-0.0114316
0.0851231
-0.115227
0.0110658
-0.0921173
0.107969
0.060871
-0.119671
0.0180167
0.00599928
0.040079
0.1688
-0.148487
0.093993
0.0632941
-0.0502672
0.0385653
-0.0329833
-0.0122085
-0.099327
0.126808
-0.0874555
0.0885129
-0.0992745
0.169147
0.0581619
-0.165535
0.123084
-0.114328
-0.0316611
0.00525593
0.140696
-0.0522128
0.0814607
-0.0591664
-0.123412
0
-0.168129
-0.015734
0.144385
-0.0797118
0.103442
0.00275363
-0.101428
0.15768
0.0246985
-0.0164635
-0.0319078
0.045013
0.0132509
-0.0456368
-0.0114316
0.0851231
-0.115227
0.0110658
-0.0921173
0.107969
0.060871
-0.119671
0.0180167
0.00599928
0.040079
0.1688
-0.148487
0.093993
0.0632941
-0.0502672
0.0385653
-0.0329833
-0.0122085
-0.099327
0.126808
-0.0874555
0.0885129
-0.0992745
0.169147
0.0581619
-0.165535
0.123084
-0.114328
-0.0316611
0.00525593
0.140696
-0.0522128
0.0814607
-0.0591664
-0.123412
0
7.55905e-06
7.55905e-06
-7.85908e-06
0.00181992
7.55905e-06
8.16131e-05
0.00165748
0.00165748
0.00165748
0.00165748
-4.50576
7.55905e-06
7.55905e-06
-7.85908e-06
0.00181992
7.55905e-06
8.16131e-05
0.00165748
0.00165748
0.00165748
0.00165748
-4.50576
0.000515086
0.000515086
0.036942
0.0230055
0.000515086
0.00192145
0.0187209
0.0187209
0.0187209
0.0187209
4.47818
-0.0107156
-0.0107156
-0.960531
0.698026
-0.0107156
-0.00850091
0.678184
0.678184
0.678184
0.678184
-1.05006
7.55905e-06
7.55905e-06
-7.85908e-06
0.00181992
7.55905e-06
8.16131e-05
0.00165748
0.00165748
0.00165748
0.00165748
-4.50576
0.000390408
0.000390408
0.00748512
0.0510439
0.000390408
0.00369443
0.0460786
0.0460786
0.0460786
0.0460786
-3.9774
-0.0146362
-0.0146362
-1.28099
0.683899
-0.0146362
-0.011041
0.650018
0.650018
0.650018
0.650018
0
-0.0146362
-0.0146362
-1.28099
0.683899
-0.0146362
-0.011041
0.650018
0.650018
0.650018
0.650018
0
-0.0146362
-0.0146362
-1.28099
0.683899
-0.0146362
-0.011041
0.650018
0.650018
0.650018
0.650018
0
-0.0146362
-0.0146362
-1.28099
0.683899
-0.0146362
-0.011041
0.650018
0.650018
0.650018
0.650018
0
0.000451585
0.000451585
0.00875924
0.0110199
0.000451585
0.00224585
0.0101313
0.0101313
0.0101313
0.0101313
-4.52098
0.000451585
0.000451585
0.00875924
0.0110199
0.000451585
0.00224585
0.0101313
0.0101313
0.0101313
0.0101313
-4.52098
0.00395069
0.00395069
0.0717373
0.151796
0.00395069
0.026647
0.142217
0.142217
0.142217
0.142217
4.29939
0.00139886
0.00139886
-0.316663
0.499286
0.00139886
0.00264935
0.426139
0.426139
0.426139
0.426139
-0.509352
0.000451585
0.000451585
0.00875924
0.0110199
0.000451585
0.00224585
0.0101313
0.0101313
0.0101313
0.0101313
-4.52098
0.00754085
0.00754085
0.0698865
0.248144
0.00754085
0.118528
0.279432
0.279432
0.279432
0.279432
3.25061
-0.00325864
-0.00325864
-1.05937
0.727653
-0.00325864
0.0684735
0.692939
0.692939
0.692939
0.692939
0
-0.00325864
-0.00325864
-1.05937
0.727653
-0.00325864
0.0684735
0.692939
0.692939
0.692939
0.692939
0
-0.00325864
-0.00325864
-1.05937
0.727653
-0.00325864
0.0684735
0.692939
0.692939
0.692939
0.692939
0
-0.00325864
-0.00325864
-1.05937
0.727653
-0.00325864
0.0684735
0.692939
0.692939
0.692939
0.692939
0
0.0213738
0.0213738
0.0757429
0.0647697
0.0213738
0.0578875
0.0577272
0.0577272
0.0577272
0.0577272
-4.74308
0.0213738
0.0213738
0.0757429
0.0647697
0.0213738
0.0578875
0.0577272
0.0577272
0.0577272
0.0577272
-4.74308
-0.135375
-0.135375
-3.7513
-3.43139
-0.135375
-2.9249
-3.6802
-3.6802
-3.6802
-3.6802
18.3709
-0.0295605
-0.0295605
-0.429353
0.0427731
-0.0295605
-0.824016
-0.447788
-0.447788
-0.447788
-0.447788
-0.894761
0.0213738
0.0213738
0.0757429
0.0647697
0.0213738
0.0578875
0.0577272
0.0577272
0.0577272
0.0577272
-4.74308
-0.0263909
-0.0263909
-0.498352
-0.675117
-0.0263909
0.255222
-0.0182886
-0.0182886
-0.0182886
-0.0182886
0.466981
-0.0365628
-0.0365628
-0.517953
-0.347845
-0.0365628
-0.27573
-0.331121
-0.331121
-0.331121
-0.331121
0
-0.0365628
-0.0365628
-0.517953
-0.347845
-0.0365628
-0.27573
-0.331121
-0.331121
-0.331121
-0.331121
0
-0.0365628
-0.0365628
-0.517953
-0.347845
-0.0365628
-0.27573
-0.331121
-0.331121
-0.331121
-0.331121
0
-0.0365628
-0.0365628
-0.517953
-0.347845
-0.0365628
-0.27573
-0.331121
-0.331121
-0.331121
-0.331121
0
-0.434531
-0.434531
-1.92243
-0.872276
-0.434531
-0.924772
-0.900149
-0.900149
-0.900149
-0.900149
-3.15705
-0.434531
-0.434531
-1.92243
-0.872276
-0.434531
-0.924772
-0.900149
-0.900149
-0.900149
-0.900149
-3.15705
0.434531
0.434531
1.92243
0.872276
0.434531
0.924772
0.900149
0.900149
0.900149
0.900149
3.15705
0.0395378
0.0395378
-5.34381
-0.636003
0.0395378
0.357794
-0.169009
-0.169009
-0.169009
-0.169009
2.53386
-0.434531
-0.434531
-1.92243
-0.872276
-0.434531
-0.924772
-0.900149
-0.900149
-0.900149
-0.900149
-3.15705
-0.0395378
-0.0395378
5.34381
0.636003
-0.0395378
-0.357794
0.169009
0.169009
0.169009
0.169009
-2.53386
