0.865725
0.277361
0.66886
-0.548023
-0.220799
-0.591183
0.135419
-0.664017
-0.476894
0.0479515
-0.108634
-0.699685
-1.16697
-0.793489
0.0611118
0.0399066
0.0684013
-0.738993
0.424446
-1.28592
-0.334587
-0.185716
0.489532
1.17901
0.0783932
0.0951672
-0.140966
-0.436904
-0.324922
0.0817931
0.806272
0.508827
-1.08321
-0.158381
-0.760165
0.269418
0.181979
-0.0848409
-0.107282
0.522998
0.68224
-0.109064
0.451114
0.33775
0.14639
-0.210804
0.767277
-0.197525
1.3764
0.898088
2.46489
-0.443613
-0.215896
-0.111141
0.168995
-0.637907
0.64318
-0.56437
-0.193658
-0.413201
0.0468733
-0.128587
0.377369
-0.594671
-1.66754
-1.29997
1.1696
1.16679
-0.504064
0.893558
-0.925682
0.63221
0.370541
-0.0981037
-2.18917
0.233533
0.357299
-0.137568
1.2635
0.70031
-1.0156
0.405391
-0.04582
-0.326653
0.247685
-0.690793
-0.411019
0.281886
-1.28088
-0.311141
-0.519207
-1.07421
-0.824274
-0.046448
0.468344
0.121831
0.454711
-0.248237
-1.46336
0.626781
0.773759
6.01058
-0.77287
-0.172071
-0.00221173
-0.610738
-1.49958
0.319716
-1.3254
0.329139
-0.546346
0.0479073
1.05424
-0.248366
-0.909271
-1.36074
0.228877
0.126018
0.229524
-0.127674
-1.37092
-2.04065
0.47719
-1.4899
-0.617829
-0.267182
0.600736
1.58943
0.377528
0.345143
-0.153297
-0.0393321
-0.466406
0.245976
-1.18974
-1.05324
-0.602856
-1.70315
-0.84194
-0.282393
-0.530222
-0.490963
0.414774
-1.60277
-1.79996
-1.54358
-1.27617
-1.43481
-0.368198
-0.784101
0.32625
0.793913
14.8584
0.948482
0.35871
0.697085
-1.02626
-0.0947775
0.494463
3.0351
0.133593
-1.44654
0.417116
-0.0146204
-0.488361
-1.09436
-1.96896
0.320193
0.198824
-0.877856
-0.185105
0.851317
-0.324004
-0.00319307
0.639456
0.934861
2.50572
0.447954
-0.045126
0.835213
-0.516521
-1.40071
1.53264
0.607732
-0.131717
-1.10581
0.112572
-0.408368
-0.45555
-0.159961
-0.307589
0.848189
-0.579313
0.865778
0.53376
0.573238
-0.09556
0.0588906
0.0621676
-0.734805
-0.50171
0.990559
0.908818
-8.22045
0.387034
-0.345571
-0.744236
-0.40355
-0.615013
0.242558
-0.388254
0.583651
-0.0269289
0.293811
-0.180627
0.858434
0.204382
-0.244277
-0.10354
-0.513263
-0.891451
-0.0579257
0.128429
-0.50019
0.311504
0.254259
0.632318
-0.310148
0.0227441
1.52657
-0.0992663
0.299016
-0.713513
-0.686072
0.198434
-1.25793
0.079233
-0.167476
0.361111
-0.00349635
0.514134
-0.790616
0.0162764
-0.174892
0.516151
-0.365378
-0.526911
-0.14885
0.332397
-0.075567
0.0141375
0.0781557
-0.141194
0.235419
-8.33352
0.707943
0.16718
-1.41271
-0.201905
-0.203334
0.187199
-0.948219
0.557428
0.267399
-0.564679
0.176303
-1.05618
0.0898767
0.0887719
-0.0978632
-1.48134
0.459304
-1.25828
-0.697218
-0.780418
-0.434231
-0.940131
-0.364376
-2.44261
-0.79858
0.0876897
0.312588
-1.10614
1.43341
-0.372497
-1.78266
-0.833539
0.258875
-1.42514
2.25227
-0.695183
-1.56588
0.340793
-0.0358094
1.21707
0.137446
2.33225
-1.57459
-1.29857
0.0582279
-1.14375
-1.31909
-0.697727
-0.40779
0.689788
25.3451
-0.0452796
-0.276238
-0.214299
-0.35896
-0.376527
0.0832379
0.688238
-0.242455
0.120561
0.339755
-0.0393085
-0.0821538
-0.0230786
-0.752791
-0.389096
0.0687114
-0.590214
-0.0317593
0.589202
-0.877926
-0.0947916
-0.205548
0.651482
0.731858
0.811662
1.11072
-0.044067
0.0269881
0.165902
-0.312499
0.108382
0.00759261
-0.707126
-0.465721
-0.0196047
-0.0242678
0.0404207
-0.343083
-0.129706
-0.139674
-0.210094
-0.187033
-0.221212
0.105683
0.73891
-0.0794786
-0.477372
-0.0658931
-0.225002
0.535716
0
-0.0452796
-0.276238
-0.214299
-0.35896
-0.376527
0.0832379
0.688238
-0.242455
0.120561
0.339755
-0.0393085
-0.0821538
-0.0230786
-0.752791
-0.389096
0.0687114
-0.590214
-0.0317593
0.589202
-0.877926
-0.0947916
-0.205548
0.651482
0.731858
0.811662
1.11072
-0.044067
0.0269881
0.165902
-0.312499
0.108382
0.00759261
-0.707126
-0.465721
-0.0196047
-0.0242678
0.0404207
-0.343083
-0.129706
-0.139674
-0.210094
-0.187033
-0.221212
0.105683
0.73891
-0.0794786
-0.477372
-0.0658931
-0.225002
0.535716
0
-0.0452796
-0.276238
-0.214299
-0.35896
-0.376527
0.0832379
0.688238
-0.242455
0.120561
0.339755
-0.0393085
-0.0821538
-0.0230786
-0.752791
-0.389096
0.0687114
-0.590214
-0.0317593
0.589202
-0.877926
-0.0947916
-0.205548
0.651482
0.731858
0.811662
1.11072
-0.044067
0.0269881
0.165902
-0.312499
0.108382
0.00759261
-0.707126
-0.465721
-0.0196047
-0.0242678
0.0404207
-0.343083
-0.129706
-0.139674
-0.210094
-0.187033
-0.221212
0.105683
0.73891
-0.0794786
-0.477372
-0.0658931
-0.225002
0.535716
0
-0.0452796
-0.276238
-0.214299
-0.35896
-0.376527
0.0832379
0.688238
-0.242455
0.120561
0.339755
-0.0393085
-0.0821538
-0.0230786
-0.752791
-0.389096
0.0687114
-0.590214
-0.0317593
0.589202
-0.877926
-0.0947916
-0.205548
0.651482
0.731858
0.811662
1.11072
-0.044067
0.0269881
0.165902
-0.312499
0.108382
0.00759261
-0.707126
-0.465721
-0.0196047
-0.0242678
0.0404207
-0.343083
-0.129706
-0.139674
-0.210094
-0.187033
-0.221212
0.105683
0.73891
-0.0794786
-0.477372
-0.0658931
-0.225002
0.535716
0
-0.0452796
-0.276238
-0.214299
-0.35896
-0.376527
0.0832379
0.688238
-0.242455
0.120561
0.339755
-0.0393085
-0.0821538
-0.0230786
-0.752791
-0.389096
0.0687114
-0.590214
-0.0317593
0.589202
-0.877926
-0.0947916
-0.205548
0.651482
0.731858
0.811662
1.11072
-0.044067
0.0269881
0.165902
-0.312499
0.108382
0.00759261
-0.707126
-0.465721
-0.0196047
-0.0242678
0.0404207
-0.343083
-0.129706
-0.139674
-0.210094
-0.187033
-0.221212
0.105683
0.73891
-0.0794786
-0.477372
-0.0658931
-0.225002
0.535716
0
-0.0452796
-0.276238
-0.214299
-0.35896
-0.376527
0.0832379
0.688238
-0.242455
0.120561
0.339755
-0.0393085
-0.0821538
-0.0230786
-0.752791
-0.389096
0.0687114
-0.590214
-0.0317593
0.589202
-0.877926
-0.0947916
-0.205548
0.651482
0.731858
0.811662
1.11072
-0.044067
0.0269881
0.165902
-0.312499
0.108382
0.00759261
-0.707126
-0.465721
-0.0196047
-0.0242678
0.0404207
-0.343083
-0.129706
-0.139674
-0.210094
-0.187033
-0.221212
0.105683
0.73891
-0.0794786
-0.477372
-0.0658931
-0.225002
0.535716
0
2.70109
-5.05594
-2.41888
5.29822
1.01104
-3.6886
1.26745
1.26745
1.26745
1.26745
1.26745
1.26745
0.406765
1.03035
-2.84444
-2.11784
1.62185
0.0849938
-2.8013
0.656915
0.656915
0.656915
0.656915
0.656915
0.656915
14.9043
-4.13089
1.05024
0.612112
-4.3555
1.94469
0.281087
-3.54697
-3.54697
-3.54697
-3.54697
-3.54697
-3.54697
36.2167
5.27295
-2.05771
-0.25287
4.95655
-4.97975
2.55452
1.10775
1.10775
1.10775
1.10775
1.10775
1.10775
-11.0184
2.70927
0.545333
0.793894
3.00708
2.43505
1.02019
3.41776
3.41776
3.41776
3.41776
3.41776
3.41776
-21.5562
-3.09893
1.75914
0.999816
-1.48643
2.21803
-1.97742
-2.31434
-2.31434
-2.31434
-2.31434
-2.31434
-2.31434
14.6802
0.80978
-0.819635
-0.454472
-0.925591
-1.15803
-0.346201
0.339651
0.339651
0.339651
0.339651
0.339651
0.339651
0
0.80978
-0.819635
-0.454472
-0.925591
-1.15803
-0.346201
0.339651
0.339651
0.339651
0.339651
0.339651
0.339651
0
0.80978
-0.819635
-0.454472
-0.925591
-1.15803
-0.346201
0.339651
0.339651
0.339651
0.339651
0.339651
0.339651
0
0.80978
-0.819635
-0.454472
-0.925591
-1.15803
-0.346201
0.339651
0.339651
0.339651
0.339651
0.339651
0.339651
0
0.80978
-0.819635
-0.454472
-0.925591
-1.15803
-0.346201
0.339651
0.339651
0.339651
0.339651
0.339651
0.339651
0
0.80978
-0.819635
-0.454472
-0.925591
-1.15803
-0.346201
0.339651
0.339651
0.339651
0.339651
0.339651
0.339651
0
4.66268
-7.24409
-13.5318
6.22442
1.05091
-13.7331
-2.08011
-2.08011
-2.08011
-2.08011
-2.08011
-2.08011
37.1038
5.0143
3.09248
1.08012
1.33603
1.50483
1.187
4.45286
4.45286
4.45286
4.45286
4.45286
4.45286
-19.9534
-0.66508
-0.459206
1.86653
-0.664971
-0.42471
1.87343
0.185967
0.185967
0.185967
0.185967
0.185967
0.185967
-8.10613
1.56612
1.55706
-2.94036
8.15122
1.41413
-4.76242
0.905524
0.905524
0.905524
0.905524
0.905524
0.905524
-5.78372
8.27385
14.4252
11.0526
0.710433
2.98688
10.5767
5.08636
5.08636
5.08636
5.08636
5.08636
5.08636
-45.8183
-2.96058
0.413052
4.33278
1.8996
-4.08863
4.87836
-2.61023
-2.61023
-2.61023
-2.61023
-2.61023
-2.61023
-3.74251
-4.21316
-1.60236
-1.89734
1.85386
-1.15943
-1.01976
1.90326
1.90326
1.90326
1.90326
1.90326
1.90326
0
-4.21316
-1.60236
-1.89734
1.85386
-1.15943
-1.01976
1.90326
1.90326
1.90326
1.90326
1.90326
1.90326
0
-4.21316
-1.60236
-1.89734
1.85386
-1.15943
-1.01976
1.90326
1.90326
1.90326
1.90326
1.90326
1.90326
0
-4.21316
-1.60236
-1.89734
1.85386
-1.15943
-1.01976
1.90326
1.90326
1.90326
1.90326
1.90326
1.90326
0
-4.21316
-1.60236
-1.89734
1.85386
-1.15943
-1.01976
1.90326
1.90326
1.90326
1.90326
1.90326
1.90326
0
-4.21316
-1.60236
-1.89734
1.85386
-1.15943
-1.01976
1.90326
1.90326
1.90326
1.90326
1.90326
1.90326
0
6.6473
6.86354
-1.34594
-2.08404
3.6479
-5.17358
-5.11837
-5.11837
-5.11837
-5.11837
-5.11837
-5.11837
-0.106044
-1.6951
2.59498
-0.712119
-0.12248
-6.42251
-3.62719
3.7653
3.7653
3.7653
3.7653
3.7653
3.7653
-9.96964
-12.9037
-8.83803
1.75661
-3.72205
6.76832
-0.125525
3.14055
3.14055
3.14055
3.14055
3.14055
3.14055
-2.22497
-8.05633
5.2418
-0.818953
6.33178
1.51017
-9.1924
3.77822
3.77822
3.77822
3.77822
3.77822
3.77822
-5.38034
-6.71697
-8.13276
-0.545616
4.18692
10.7107
-1.91865
-3.77914
-3.77914
-3.77914
-3.77914
-3.77914
-3.77914
0.452572
11.5455
2.69218
1.1351
-9.6937
-12.2345
10.1099
-1.24933
-1.24933
-1.24933
-1.24933
-1.24933
-1.24933
2.73132
