-0.00911544
0.063333
0.0348271
-0.00958692
0.0393818
-0.066986
0.213647
-0.0731673
-0.0610732
0.00812649
0.00375305
-0.130234
0.0274244
-0.0361363
0.1119
-0.0152042
0.0420566
0.0370864
0.0153793
0.123076
-0.00190005
0.018368
-0.0491698
-0.0592784
-0.0336661
0.0693474
-0.179494
-0.00941436
0.0807071
-0.00529346
-0.0651215
-0.0252646
0.0333355
-0.00101426
-8.66126e-05
0.0368486
-0.0477268
0.0492807
-0.1204
0.0984065
-0.0420428
0.0195339
0.0536117
-0.00757131
0.0140472
0.0231214
0.0274744
-0.0495331
-0.00778513
0.0220739
2.56148
-0.0474448
0.0064212
0.0149773
-0.0251466
0.026158
-0.141867
0.145556
0.00503594
-0.0262644
0.0213158
0.0752336
-0.0714788
0.0151641
-0.0824192
0.0481224
-0.0398807
-0.0120247
-0.0132059
-0.0666352
0.0540643
-0.000817109
0.0481795
0.0188246
-0.00882945
-0.027166
0.135344
-0.0836342
-0.0483363
0.0491944
0.0392694
-0.0183736
-0.0309286
0.0138215
-0.00454747
-0.0153124
0.0406065
-0.0343387
0.0785775
-0.105253
0.0619064
-0.0384098
-0.0233556
0.0241041
-0.0160124
-0.00995997
0.00193663
0.0426876
-0.0166487
-0.00334797
0.0579001
-1.84013
-0.0355754
0.0261898
0.0222276
-0.0204925
0.0314396
-0.120051
0.173054
-0.0217416
-0.0389786
0.0173707
0.0527288
-0.0936972
0.0198073
-0.068788
0.0714179
-0.0324996
0.0062549
0.00373658
-0.0402646
0.0793272
-0.00121266
0.0392625
-0.00405422
-0.0264407
-0.0301614
0.116404
-0.118963
-0.0362878
0.0614139
0.0250263
-0.0349772
-0.029842
0.020924
-0.0034582
-0.0104988
0.040446
-0.0399051
0.0706859
-0.113404
0.0761973
-0.040732
-0.00924445
0.0349333
-0.0135537
-0.00197445
0.00928258
0.0386422
-0.0284323
-0.00496869
0.0471841
-0.375459
-0.0355754
0.0261898
0.0222276
-0.0204925
0.0314396
-0.120051
0.173054
-0.0217416
-0.0389786
0.0173707
0.0527288
-0.0936972
0.0198073
-0.068788
0.0714179
-0.0324996
0.0062549
0.00373658
-0.0402646
0.0793272
-0.00121266
0.0392625
-0.00405422
-0.0264407
-0.0301614
0.116404
-0.118963
-0.0362878
0.0614139
0.0250263
-0.0349772
-0.029842
0.020924
-0.0034582
-0.0104988
0.040446
-0.0399051
0.0706859
-0.113404
0.0761973
-0.040732
-0.00924445
0.0349333
-0.0135537
-0.00197445
0.00928258
0.0386422
-0.0284323
-0.00496869
0.0471841
-0.375459
-0.0474448
0.0064212
0.0149773
-0.0251466
0.026158
-0.141867
0.145556
0.00503594
-0.0262644
0.0213158
0.0752336
-0.0714788
0.0151641
-0.0824192
0.0481224
-0.0398807
-0.0120247
-0.0132059
-0.0666352
0.0540643
-0.000817109
0.0481795
0.0188246
-0.00882945
-0.027166
0.135344
-0.0836342
-0.0483363
0.0491944
0.0392694
-0.0183736
-0.0309286
0.0138215
-0.00454747
-0.0153124
0.0406065
-0.0343387
0.0785775
-0.105253
0.0619064
-0.0384098
-0.0233556
0.0241041
-0.0160124
-0.00995997
0.00193663
0.0426876
-0.0166487
-0.00334797
0.0579001
-1.84013
-0.00911544
0.063333
0.0348271
-0.00958692
0.0393818
-0.066986
0.213647
-0.0731673
-0.0610732
0.00812649
0.00375305
-0.130234
0.0274244
-0.0361363
0.1119
-0.0152042
0.0420566
0.0370864
0.0153793
0.123076
-0.00190005
0.018368
-0.0491698
-0.0592784
-0.0336661
0.0693474
-0.179494
-0.00941436
0.0807071
-0.00529346
-0.0651215
-0.0252646
0.0333355
-0.00101426
-8.66126e-05
0.0368486
-0.0477268
0.0492807
-0.1204
0.0984065
-0.0420428
0.0195339
0.0536117
-0.00757131
0.0140472
0.0231214
0.0274744
-0.0495331
-0.00778513
0.0220739
2.56148
-0.0314911
0.0315635
0.0239874
-0.0187816
0.0324666
-0.11163
0.178245
-0.0292502
-0.0420646
0.0159205
0.0452309
-0.0986623
0.0208411
-0.0636304
0.0770721
-0.0297862
0.0115242
0.00865492
-0.0318387
0.0854276
-0.00130867
0.0359845
-0.0107125
-0.031176
-0.0305376
0.108889
-0.12736
-0.0321389
0.0639793
0.0204205
-0.0392735
-0.0290235
0.0226621
-0.00308015
-0.00890816
0.0397225
-0.0408743
0.0671838
-0.113903
0.0791244
-0.0407336
-0.0049414
0.0375328
-0.0126042
0.000406191
0.011287
0.0368068
-0.031421
-0.00536207
0.0432447
0
-0.0314911
0.0315635
0.0239874
-0.0187816
0.0324666
-0.11163
0.178245
-0.0292502
-0.0420646
0.0159205
0.0452309
-0.0986623
0.0208411
-0.0636304
0.0770721
-0.0297862
0.0115242
0.00865492
-0.0318387
0.0854276
-0.00130867
0.0359845
-0.0107125
-0.031176
-0.0305376
0.108889
-0.12736
-0.0321389
0.0639793
0.0204205
-0.0392735
-0.0290235
0.0226621
-0.00308015
-0.00890816
0.0397225
-0.0408743
0.0671838
-0.113903
0.0791244
-0.0407336
-0.0049414
0.0375328
-0.0126042
0.000406191
0.011287
0.0368068
-0.031421
-0.00536207
0.0432447
0
-0.0314911
0.0315635
0.0239874
-0.0187816
0.0324666
-0.11163
0.178245
-0.0292502
-0.0420646
0.0159205
0.0452309
-0.0986623
0.0208411
-0.0636304
0.0770721
-0.0297862
0.0115242
0.00865492
-0.0318387
0.0854276
-0.00130867
0.0359845
-0.0107125
-0.031176
-0.0305376
0.108889
-0.12736
-0.0321389
0.0639793
0.0204205
-0.0392735
-0.0290235
0.0226621
-0.00308015
-0.00890816
0.0397225
-0.0408743
0.0671838
-0.113903
0.0791244
-0.0407336
-0.0049414
0.0375328
-0.0126042
0.000406191
0.011287
0.0368068
-0.031421
-0.00536207
0.0432447
0
-0.0314911
0.0315635
0.0239874
-0.0187816
0.0324666
-0.11163
0.178245
-0.0292502
-0.0420646
0.0159205
0.0452309
-0.0986623
0.0208411
-0.0636304
0.0770721
-0.0297862
0.0115242
0.00865492
-0.0318387
0.0854276
-0.00130867
0.0359845
-0.0107125
-0.031176
-0.0305376
0.108889
-0.12736
-0.0321389
0.0639793
0.0204205
-0.0392735
-0.0290235
0.0226621
-0.00308015
-0.00890816
0.0397225
-0.0408743
0.0671838
-0.113903
0.0791244
-0.0407336
-0.0049414
0.0375328
-0.0126042
0.000406191
0.011287
0.0368068
-0.031421
-0.00536207
0.0432447
0
-0.0314911
0.0315635
0.0239874
-0.0187816
0.0324666
-0.11163
0.178245
-0.0292502
-0.0420646
0.0159205
0.0452309
-0.0986623
0.0208411
-0.0636304
0.0770721
-0.0297862
0.0115242
0.00865492
-0.0318387
0.0854276
-0.00130867
0.0359845
-0.0107125
-0.031176
-0.0305376
0.108889
-0.12736
-0.0321389
0.0639793
0.0204205
-0.0392735
-0.0290235
0.0226621
-0.00308015
-0.00890816
0.0397225
-0.0408743
0.0671838
-0.113903
0.0791244
-0.0407336
-0.0049414
0.0375328
-0.0126042
0.000406191
0.011287
0.0368068
-0.031421
-0.00536207
0.0432447
0
-0.0314911
0.0315635
0.0239874
-0.0187816
0.0324666
-0.11163
0.178245
-0.0292502
-0.0420646
0.0159205
0.0452309
-0.0986623
0.0208411
-0.0636304
0.0770721
-0.0297862
0.0115242
0.00865492
-0.0318387
0.0854276
-0.00130867
0.0359845
-0.0107125
-0.031176
-0.0305376
0.108889
-0.12736
-0.0321389
0.0639793
0.0204205
-0.0392735
-0.0290235
0.0226621
-0.00308015
-0.00890816
0.0397225
-0.0408743
0.0671838
-0.113903
0.0791244
-0.0407336
-0.0049414
0.0375328
-0.0126042
0.000406191
0.011287
0.0368068
-0.031421
-0.00536207
0.0432447
0
-0.0314911
0.0315635
0.0239874
-0.0187816
0.0324666
-0.11163
0.178245
-0.0292502
-0.0420646
0.0159205
0.0452309
-0.0986623
0.0208411
-0.0636304
0.0770721
-0.0297862
0.0115242
0.00865492
-0.0318387
0.0854276
-0.00130867
0.0359845
-0.0107125
-0.031176
-0.0305376
0.108889
-0.12736
-0.0321389
0.0639793
0.0204205
-0.0392735
-0.0290235
0.0226621
-0.00308015
-0.00890816
0.0397225
-0.0408743
0.0671838
-0.113903
0.0791244
-0.0407336
-0.0049414
0.0375328
-0.0126042
0.000406191
0.011287
0.0368068
-0.031421
-0.00536207
0.0432447
0
-0.0314911
0.0315635
0.0239874
-0.0187816
0.0324666
-0.11163
0.178245
-0.0292502
-0.0420646
0.0159205
0.0452309
-0.0986623
0.0208411
-0.0636304
0.0770721
-0.0297862
0.0115242
0.00865492
-0.0318387
0.0854276
-0.00130867
0.0359845
-0.0107125
-0.031176
-0.0305376
0.108889
-0.12736
-0.0321389
0.0639793
0.0204205
-0.0392735
-0.0290235
0.0226621
-0.00308015
-0.00890816
0.0397225
-0.0408743
0.0671838
-0.113903
0.0791244
-0.0407336
-0.0049414
0.0375328
-0.0126042
0.000406191
0.011287
0.0368068
-0.031421
-0.00536207
0.0432447
0
-0.0314911
0.0315635
0.0239874
-0.0187816
0.0324666
-0.11163
0.178245
-0.0292502
-0.0420646
0.0159205
0.0452309
-0.0986623
0.0208411
-0.0636304
0.0770721
-0.0297862
0.0115242
0.00865492
-0.0318387
0.0854276
-0.00130867
0.0359845
-0.0107125
-0.031176
-0.0305376
0.108889
-0.12736
-0.0321389
0.0639793
0.0204205
-0.0392735
-0.0290235
0.0226621
-0.00308015
-0.00890816
0.0397225
-0.0408743
0.0671838
-0.113903
0.0791244
-0.0407336
-0.0049414
0.0375328
-0.0126042
0.000406191
0.011287
0.0368068
-0.031421
-0.00536207
0.0432447
0
-0.0314911
0.0315635
0.0239874
-0.0187816
0.0324666
-0.11163
0.178245
-0.0292502
-0.0420646
0.0159205
0.0452309
-0.0986623
0.0208411
-0.0636304
0.0770721
-0.0297862
0.0115242
0.00865492
-0.0318387
0.0854276
-0.00130867
0.0359845
-0.0107125
-0.031176
-0.0305376
0.108889
-0.12736
-0.0321389
0.0639793
0.0204205
-0.0392735
-0.0290235
0.0226621
-0.00308015
-0.00890816
0.0397225
-0.0408743
0.0671838
-0.113903
0.0791244
-0.0407336
-0.0049414
0.0375328
-0.0126042
0.000406191
0.011287
0.0368068
-0.031421
-0.00536207
0.0432447
0
-0.0314911
0.0315635
0.0239874
-0.0187816
0.0324666
-0.11163
0.178245
-0.0292502
-0.0420646
0.0159205
0.0452309
-0.0986623
0.0208411
-0.0636304
0.0770721
-0.0297862
0.0115242
0.00865492
-0.0318387
0.0854276
-0.00130867
0.0359845
-0.0107125
-0.031176
-0.0305376
0.108889
-0.12736
-0.0321389
0.0639793
0.0204205
-0.0392735
-0.0290235
0.0226621
-0.00308015
-0.00890816
0.0397225
-0.0408743
0.0671838
-0.113903
0.0791244
-0.0407336
-0.0049414
0.0375328
-0.0126042
0.000406191
0.011287
0.0368068
-0.031421
-0.00536207
0.0432447
0
-0.0314911
0.0315635
0.0239874
-0.0187816
0.0324666
-0.11163
0.178245
-0.0292502
-0.0420646
0.0159205
0.0452309
-0.0986623
0.0208411
-0.0636304
0.0770721
-0.0297862
0.0115242
0.00865492
-0.0318387
0.0854276
-0.00130867
0.0359845
-0.0107125
-0.031176
-0.0305376
0.108889
-0.12736
-0.0321389
0.0639793
0.0204205
-0.0392735
-0.0290235
0.0226621
-0.00308015
-0.00890816
0.0397225
-0.0408743
0.0671838
-0.113903
0.0791244
-0.0407336
-0.0049414
0.0375328
-0.0126042
0.000406191
0.011287
0.0368068
-0.031421
-0.00536207
0.0432447
0
-0.0314911
0.0315635
0.0239874
-0.0187816
0.0324666
-0.11163
0.178245
-0.0292502
-0.0420646
0.0159205
0.0452309
-0.0986623
0.0208411
-0.0636304
0.0770721
-0.0297862
0.0115242
0.00865492
-0.0318387
0.0854276
-0.00130867
0.0359845
-0.0107125
-0.031176
-0.0305376
0.108889
-0.12736
-0.0321389
0.0639793
0.0204205
-0.0392735
-0.0290235
0.0226621
-0.00308015
-0.00890816
0.0397225
-0.0408743
0.0671838
-0.113903
0.0791244
-0.0407336
-0.0049414
0.0375328
-0.0126042
0.000406191
0.011287
0.0368068
-0.031421
-0.00536207
0.0432447
0
-0.0314911
0.0315635
0.0239874
-0.0187816
0.0324666
-0.11163
0.178245
-0.0292502
-0.0420646
0.0159205
0.0452309
-0.0986623
0.0208411
-0.0636304
0.0770721
-0.0297862
0.0115242
0.00865492
-0.0318387
0.0854276
-0.00130867
0.0359845
-0.0107125
-0.031176
-0.0305376
0.108889
-0.12736
-0.0321389
0.0639793
0.0204205
-0.0392735
-0.0290235
0.0226621
-0.00308015
-0.00890816
0.0397225
-0.0408743
0.0671838
-0.113903
0.0791244
-0.0407336
-0.0049414
0.0375328
-0.0126042
0.000406191
0.011287
0.0368068
-0.031421
-0.00536207
0.0432447
0
-0.270491
-0.274727
-0.26562
-0.26562
-0.274727
-0.270491
-0.266023
-0.266023
-0.266023
-0.266023
-0.266023
-0.266023
-0.266023
-0.266023
-0.266023
-0.266023
-0.266023
-0.266023
-0.266023
-0.266023
2.06376
0.278361
0.24514
0.282912
0.282912
0.24514
0.278361
0.282937
0.282937
0.282937
0.282937
0.282937
0.282937
0.282937
0.282937
0.282937
0.282937
0.282937
0.282937
0.282937
0.282937
-2.1206
0.269646
0.230018
0.290796
0.290796
0.230018
0.269646
0.289784
0.289784
0.289784
0.289784
0.289784
0.289784
0.289784
0.289784
0.289784
0.289784
0.289784
0.289784
0.289784
0.289784
-2.27205
0.269646
0.230018
0.290796
0.290796
0.230018
0.269646
0.289784
0.289784
0.289784
0.289784
0.289784
0.289784
0.289784
0.289784
0.289784
0.289784
0.289784
0.289784
0.289784
0.289784
-2.27205
0.278361
0.24514
0.282912
0.282912
0.24514
0.278361
0.282937
0.282937
0.282937
0.282937
0.282937
0.282937
0.282937
0.282937
0.282937
0.282937
0.282937
0.282937
0.282937
0.282937
-2.1206
-0.270491
-0.274727
-0.26562
-0.26562
-0.274727
-0.270491
-0.266023
-0.266023
-0.266023
-0.266023
-0.266023
-0.266023
-0.266023
-0.266023
-0.266023
-0.266023
-0.266023
-0.266023
-0.266023
-0.266023
2.06376
0.111362
0.0866371
0.12502
0.12502
0.0866371
0.111362
0.124267
0.124267
0.124267
0.124267
0.124267
0.124267
0.124267
0.124267
0.124267
0.124267
0.124267
0.124267
0.124267
0.124267
0
0.111362
0.0866371
0.12502
0.12502
0.0866371
0.111362
0.124267
0.124267
0.124267
0.124267
0.124267
0.124267
0.124267
0.124267
0.124267
0.124267
0.124267
0.124267
0.124267
0.124267
0
0.111362
0.0866371
0.12502
0.12502
0.0866371
0.111362
0.124267
0.124267
0.124267
0.124267
0.124267
0.124267
0.124267
0.124267
0.124267
0.124267
0.124267
0.124267
0.124267
0.124267
0
0.111362
0.0866371
0.12502
0.12502
0.0866371
0.111362
0.124267
0.124267
0.124267
0.124267
0.124267
0.124267
0.124267
0.124267
0.124267
0.124267
0.124267
0.124267
0.124267
0.124267
0
0.111362
0.0866371
0.12502
0.12502
0.0866371
0.111362
0.124267
0.124267
0.124267
0.124267
0.124267
0.124267
0.124267
0.124267
0.124267
0.124267
0.124267
0.124267
0.124267
0.124267
0
0.111362
0.0866371
0.12502
0.12502
0.0866371
0.111362
0.124267
0.124267
0.124267
0.124267
0.124267
0.124267
0.124267
0.124267
0.124267
0.124267
0.124267
0.124267
0.124267
0.124267
0
0.111362
0.0866371
0.12502
0.12502
0.0866371
0.111362
0.124267
0.124267
0.124267
0.124267
0.124267
0.124267
0.124267
0.124267
0.124267
0.124267
0.124267
0.124267
0.124267
0.124267
0
0.111362
0.0866371
0.12502
0.12502
0.0866371
0.111362
0.124267
0.124267
0.124267
0.124267
0.124267
0.124267
0.124267
0.124267
0.124267
0.124267
0.124267
0.124267
0.124267
0.124267
0
0.111362
0.0866371
0.12502
0.12502
0.0866371
0.111362
0.124267
0.124267
0.124267
0.124267
0.124267
0.124267
0.124267
0.124267
0.124267
0.124267
0.124267
0.124267
0.124267
0.124267
0
0.111362
0.0866371
0.12502
0.12502
0.0866371
0.111362
0.124267
0.124267
0.124267
0.124267
0.124267
0.124267
0.124267
0.124267
0.124267
0.124267
0.124267
0.124267
0.124267
0.124267
0
0.111362
0.0866371
0.12502
0.12502
0.0866371
0.111362
0.124267
0.124267
0.124267
0.124267
0.124267
0.124267
0.124267
0.124267
0.124267
0.124267
0.124267
0.124267
0.124267
0.124267
0
0.111362
0.0866371
0.12502
0.12502
0.0866371
0.111362
0.124267
0.124267
0.124267
0.124267
0.124267
0.124267
0.124267
0.124267
0.124267
0.124267
0.124267
0.124267
0.124267
0.124267
0
0.111362
0.0866371
0.12502
0.12502
0.0866371
0.111362
0.124267
0.124267
0.124267
0.124267
0.124267
0.124267
0.124267
0.124267
0.124267
0.124267
0.124267
0.124267
0.124267
0.124267
0
0.111362
0.0866371
0.12502
0.12502
0.0866371
0.111362
0.124267
0.124267
0.124267
0.124267
0.124267
0.124267
0.124267
0.124267
0.124267
0.124267
0.124267
0.124267
0.124267
0.124267
0
1.32953
-0.872582
-0.964029
-0.964029
-0.872582
1.32953
-0.0934967
-0.0934967
-0.0934967
-0.0934967
-0.0934967
-0.0934967
-0.0934967
-0.0934967
-0.0934967
-0.0934967
-0.0934967
-0.0934967
-0.0934967
-0.0934967
1.52016
-0.371818
-0.251619
-0.332386
-0.332386
-0.251619
-0.371818
-0.35314
-0.35314
-0.35314
-0.35314
-0.35314
-0.35314
-0.35314
-0.35314
-0.35314
-0.35314
-0.35314
-0.35314
-0.35314
-0.35314
-0.683317
-1.32953
0.872582
0.964029
0.964029
0.872582
-1.32953
0.0934967
0.0934967
0.0934967
0.0934967
0.0934967
0.0934967
0.0934967
0.0934967
0.0934967
0.0934967
0.0934967
0.0934967
0.0934967
0.0934967
-1.52016
-1.32953
0.872582
0.964029
0.964029
0.872582
-1.32953
0.0934967
0.0934967
0.0934967
0.0934967
0.0934967
0.0934967
0.0934967
0.0934967
0.0934967
0.0934967
0.0934967
0.0934967
0.0934967
0.0934967
-1.52016
-0.371818
-0.251619
-0.332386
-0.332386
-0.251619
-0.371818
-0.35314
-0.35314
-0.35314
-0.35314
-0.35314
-0.35314
-0.35314
-0.35314
-0.35314
-0.35314
-0.35314
-0.35314
-0.35314
-0.35314
-0.683317
1.32953
-0.872582
-0.964029
-0.964029
-0.872582
1.32953
-0.0934967
-0.0934967
-0.0934967
-0.0934967
-0.0934967
-0.0934967
-0.0934967
-0.0934967
-0.0934967
-0.0934967
-0.0934967
-0.0934967
-0.0934967
-0.0934967
1.52016
