0.0539643
0.00773848
-0.00929635
0.0274501
-0.0214305
0.151738
-0.12058
-0.0236853
0.0163022
-0.0232684
-0.0881637
0.0530813
-0.0113107
0.088827
-0.0298694
0.0435338
0.0244238
0.0246183
0.0826179
-0.0341971
0.000507176
-0.0525929
-0.0341976
-0.00390512
0.0240084
-0.143442
0.0555407
0.0549473
-0.0386943
-0.0477752
0.00597935
0.0304982
-0.00828929
0.00513829
0.0181081
-0.0391504
0.0290946
-0.0810947
0.0954509
-0.0494574
0.0352914
0.0323834
-0.0155519
0.0171239
0.0151947
0.00330771
-0.043885
0.00771301
0.00207807
-0.0632039
3.59328
-0.000192593
-0.00234256
-0.00115784
7.93125e-05
-0.00120425
0.000939502
-0.00649152
0.00284814
0.00203041
-6.72303e-05
0.000713575
0.0041535
-0.000873356
0.000439779
-0.00372017
0.000125784
-0.00174108
-0.00156495
-0.00134542
-0.0040788
6.31678e-05
-0.000151959
0.00208983
0.00216049
0.000974757
-0.00110386
0.00589397
-0.000191344
-0.00251818
0.000649088
0.00227467
0.000611458
-0.00111411
-1.30979e-05
-0.000171067
-0.000943095
0.00142939
-0.000984889
0.00339378
-0.00304852
0.00116623
-0.00101104
-0.0017704
0.000106447
-0.000649217
-0.000859855
-0.00056184
0.00169973
0.00025882
-0.000182617
-3.7371
-0.0320812
0.0343008
0.025541
-0.0192978
0.0342621
-0.115094
0.188001
-0.0323601
-0.0447889
0.0163581
0.0457086
-0.104537
0.0220786
-0.0655241
0.0820636
-0.030605
0.0132733
0.0101863
-0.0314614
0.0909224
-0.00139342
0.0369736
-0.0127373
-0.0337499
-0.0320928
0.112427
-0.135394
-0.0327455
0.0676404
0.0203595
-0.0421377
-0.0302351
0.024147
-0.00314272
-0.0089764
0.0414706
-0.0430614
0.0696239
-0.119499
0.0835965
-0.0426947
-0.0042039
0.0399287
-0.0129957
0.000965349
0.0122846
0.0381624
-0.0336109
-0.00570933
0.0444334
0.0727849
-0.0320812
0.0343008
0.025541
-0.0192978
0.0342621
-0.115094
0.188001
-0.0323601
-0.0447889
0.0163581
0.0457086
-0.104537
0.0220786
-0.0655241
0.0820636
-0.030605
0.0132733
0.0101863
-0.0314614
0.0909224
-0.00139342
0.0369736
-0.0127373
-0.0337499
-0.0320928
0.112427
-0.135394
-0.0327455
0.0676404
0.0203595
-0.0421377
-0.0302351
0.024147
-0.00314272
-0.0089764
0.0414706
-0.0430614
0.0696239
-0.119499
0.0835965
-0.0426947
-0.0042039
0.0399287
-0.0129957
0.000965349
0.0122846
0.0381624
-0.0336109
-0.00570933
0.0444334
0.0727849
-0.000192593
-0.00234256
-0.00115784
7.93125e-05
-0.00120425
0.000939502
-0.00649152
0.00284814
0.00203041
-6.72303e-05
0.000713575
0.0041535
-0.000873356
0.000439779
-0.00372017
0.000125784
-0.00174108
-0.00156495
-0.00134542
-0.0040788
6.31678e-05
-0.000151959
0.00208983
0.00216049
0.000974757
-0.00110386
0.00589397
-0.000191344
-0.00251818
0.000649088
0.00227467
0.000611458
-0.00111411
-1.30979e-05
-0.000171067
-0.000943095
0.00142939
-0.000984889
0.00339378
-0.00304852
0.00116623
-0.00101104
-0.0017704
0.000106447
-0.000649217
-0.000859855
-0.00056184
0.00169973
0.00025882
-0.000182617
-3.7371
0.0539643
0.00773848
-0.00929635
0.0274501
-0.0214305
0.151738
-0.12058
-0.0236853
0.0163022
-0.0232684
-0.0881637
0.0530813
-0.0113107
0.088827
-0.0298694
0.0435338
0.0244238
0.0246183
0.0826179
-0.0341971
0.000507176
-0.0525929
-0.0341976
-0.00390512
0.0240084
-0.143442
0.0555407
0.0549473
-0.0386943
-0.0477752
0.00597935
0.0304982
-0.00828929
0.00513829
0.0181081
-0.0391504
0.0290946
-0.0810947
0.0954509
-0.0494574
0.0352914
0.0323834
-0.0155519
0.0171239
0.0151947
0.00330771
-0.043885
0.00771301
0.00207807
-0.0632039
3.59328
-0.0322507
0.0339585
0.0254066
-0.0193597
0.0341535
-0.115368
0.187429
-0.0319061
-0.0445532
0.0164105
0.0460404
-0.104107
0.0219887
-0.0656993
0.0816318
-0.0307031
0.0129694
0.00990607
-0.0318653
0.0904528
-0.00138609
0.0370922
-0.0123595
-0.0334428
-0.0320226
0.112656
-0.134731
-0.0329175
0.0673971
0.0205754
-0.0418411
-0.030232
0.0240159
-0.00315814
-0.00904792
0.0414448
-0.0429422
0.0697037
-0.119286
0.0833089
-0.042628
-0.00442866
0.0397267
-0.0130265
0.000835873
0.0121577
0.0382016
-0.0333979
-0.00567929
0.0445759
0
-0.0322507
0.0339585
0.0254066
-0.0193597
0.0341535
-0.115368
0.187429
-0.0319061
-0.0445532
0.0164105
0.0460404
-0.104107
0.0219887
-0.0656993
0.0816318
-0.0307031
0.0129694
0.00990607
-0.0318653
0.0904528
-0.00138609
0.0370922
-0.0123595
-0.0334428
-0.0320226
0.112656
-0.134731
-0.0329175
0.0673971
0.0205754
-0.0418411
-0.030232
0.0240159
-0.00315814
-0.00904792
0.0414448
-0.0429422
0.0697037
-0.119286
0.0833089
-0.042628
-0.00442866
0.0397267
-0.0130265
0.000835873
0.0121577
0.0382016
-0.0333979
-0.00567929
0.0445759
0
-0.0322507
0.0339585
0.0254066
-0.0193597
0.0341535
-0.115368
0.187429
-0.0319061
-0.0445532
0.0164105
0.0460404
-0.104107
0.0219887
-0.0656993
0.0816318
-0.0307031
0.0129694
0.00990607
-0.0318653
0.0904528
-0.00138609
0.0370922
-0.0123595
-0.0334428
-0.0320226
0.112656
-0.134731
-0.0329175
0.0673971
0.0205754
-0.0418411
-0.030232
0.0240159
-0.00315814
-0.00904792
0.0414448
-0.0429422
0.0697037
-0.119286
0.0833089
-0.042628
-0.00442866
0.0397267
-0.0130265
0.000835873
0.0121577
0.0382016
-0.0333979
-0.00567929
0.0445759
0
-0.0322507
0.0339585
0.0254066
-0.0193597
0.0341535
-0.115368
0.187429
-0.0319061
-0.0445532
0.0164105
0.0460404
-0.104107
0.0219887
-0.0656993
0.0816318
-0.0307031
0.0129694
0.00990607
-0.0318653
0.0904528
-0.00138609
0.0370922
-0.0123595
-0.0334428
-0.0320226
0.112656
-0.134731
-0.0329175
0.0673971
0.0205754
-0.0418411
-0.030232
0.0240159
-0.00315814
-0.00904792
0.0414448
-0.0429422
0.0697037
-0.119286
0.0833089
-0.042628
-0.00442866
0.0397267
-0.0130265
0.000835873
0.0121577
0.0382016
-0.0333979
-0.00567929
0.0445759
0
-0.0322507
0.0339585
0.0254066
-0.0193597
0.0341535
-0.115368
0.187429
-0.0319061
-0.0445532
0.0164105
0.0460404
-0.104107
0.0219887
-0.0656993
0.0816318
-0.0307031
0.0129694
0.00990607
-0.0318653
0.0904528
-0.00138609
0.0370922
-0.0123595
-0.0334428
-0.0320226
0.112656
-0.134731
-0.0329175
0.0673971
0.0205754
-0.0418411
-0.030232
0.0240159
-0.00315814
-0.00904792
0.0414448
-0.0429422
0.0697037
-0.119286
0.0833089
-0.042628
-0.00442866
0.0397267
-0.0130265
0.000835873
0.0121577
0.0382016
-0.0333979
-0.00567929
0.0445759
0
-0.0322507
0.0339585
0.0254066
-0.0193597
0.0341535
-0.115368
0.187429
-0.0319061
-0.0445532
0.0164105
0.0460404
-0.104107
0.0219887
-0.0656993
0.0816318
-0.0307031
0.0129694
0.00990607
-0.0318653
0.0904528
-0.00138609
0.0370922
-0.0123595
-0.0334428
-0.0320226
0.112656
-0.134731
-0.0329175
0.0673971
0.0205754
-0.0418411
-0.030232
0.0240159
-0.00315814
-0.00904792
0.0414448
-0.0429422
0.0697037
-0.119286
0.0833089
-0.042628
-0.00442866
0.0397267
-0.0130265
0.000835873
0.0121577
0.0382016
-0.0333979
-0.00567929
0.0445759
0
-0.0322507
0.0339585
0.0254066
-0.0193597
0.0341535
-0.115368
0.187429
-0.0319061
-0.0445532
0.0164105
0.0460404
-0.104107
0.0219887
-0.0656993
0.0816318
-0.0307031
0.0129694
0.00990607
-0.0318653
0.0904528
-0.00138609
0.0370922
-0.0123595
-0.0334428
-0.0320226
0.112656
-0.134731
-0.0329175
0.0673971
0.0205754
-0.0418411
-0.030232
0.0240159
-0.00315814
-0.00904792
0.0414448
-0.0429422
0.0697037
-0.119286
0.0833089
-0.042628
-0.00442866
0.0397267
-0.0130265
0.000835873
0.0121577
0.0382016
-0.0333979
-0.00567929
0.0445759
0
-0.0322507
0.0339585
0.0254066
-0.0193597
0.0341535
-0.115368
0.187429
-0.0319061
-0.0445532
0.0164105
0.0460404
-0.104107
0.0219887
-0.0656993
0.0816318
-0.0307031
0.0129694
0.00990607
-0.0318653
0.0904528
-0.00138609
0.0370922
-0.0123595
-0.0334428
-0.0320226
0.112656
-0.134731
-0.0329175
0.0673971
0.0205754
-0.0418411
-0.030232
0.0240159
-0.00315814
-0.00904792
0.0414448
-0.0429422
0.0697037
-0.119286
0.0833089
-0.042628
-0.00442866
0.0397267
-0.0130265
0.000835873
0.0121577
0.0382016
-0.0333979
-0.00567929
0.0445759
0
-0.0322507
0.0339585
0.0254066
-0.0193597
0.0341535
-0.115368
0.187429
-0.0319061
-0.0445532
0.0164105
0.0460404
-0.104107
0.0219887
-0.0656993
0.0816318
-0.0307031
0.0129694
0.00990607
-0.0318653
0.0904528
-0.00138609
0.0370922
-0.0123595
-0.0334428
-0.0320226
0.112656
-0.134731
-0.0329175
0.0673971
0.0205754
-0.0418411
-0.030232
0.0240159
-0.00315814
-0.00904792
0.0414448
-0.0429422
0.0697037
-0.119286
0.0833089
-0.042628
-0.00442866
0.0397267
-0.0130265
0.000835873
0.0121577
0.0382016
-0.0333979
-0.00567929
0.0445759
0
-0.0322507
0.0339585
0.0254066
-0.0193597
0.0341535
-0.115368
0.187429
-0.0319061
-0.0445532
0.0164105
0.0460404
-0.104107
0.0219887
-0.0656993
0.0816318
-0.0307031
0.0129694
0.00990607
-0.0318653
0.0904528
-0.00138609
0.0370922
-0.0123595
-0.0334428
-0.0320226
0.112656
-0.134731
-0.0329175
0.0673971
0.0205754
-0.0418411
-0.030232
0.0240159
-0.00315814
-0.00904792
0.0414448
-0.0429422
0.0697037
-0.119286
0.0833089
-0.042628
-0.00442866
0.0397267
-0.0130265
0.000835873
0.0121577
0.0382016
-0.0333979
-0.00567929
0.0445759
0
-0.0322507
0.0339585
0.0254066
-0.0193597
0.0341535
-0.115368
0.187429
-0.0319061
-0.0445532
0.0164105
0.0460404
-0.104107
0.0219887
-0.0656993
0.0816318
-0.0307031
0.0129694
0.00990607
-0.0318653
0.0904528
-0.00138609
0.0370922
-0.0123595
-0.0334428
-0.0320226
0.112656
-0.134731
-0.0329175
0.0673971
0.0205754
-0.0418411
-0.030232
0.0240159
-0.00315814
-0.00904792
0.0414448
-0.0429422
0.0697037
-0.119286
0.0833089
-0.042628
-0.00442866
0.0397267
-0.0130265
0.000835873
0.0121577
0.0382016
-0.0333979
-0.00567929
0.0445759
0
-0.0322507
0.0339585
0.0254066
-0.0193597
0.0341535
-0.115368
0.187429
-0.0319061
-0.0445532
0.0164105
0.0460404
-0.104107
0.0219887
-0.0656993
0.0816318
-0.0307031
0.0129694
0.00990607
-0.0318653
0.0904528
-0.00138609
0.0370922
-0.0123595
-0.0334428
-0.0320226
0.112656
-0.134731
-0.0329175
0.0673971
0.0205754
-0.0418411
-0.030232
0.0240159
-0.00315814
-0.00904792
0.0414448
-0.0429422
0.0697037
-0.119286
0.0833089
-0.042628
-0.00442866
0.0397267
-0.0130265
0.000835873
0.0121577
0.0382016
-0.0333979
-0.00567929
0.0445759
0
-0.0322507
0.0339585
0.0254066
-0.0193597
0.0341535
-0.115368
0.187429
-0.0319061
-0.0445532
0.0164105
0.0460404
-0.104107
0.0219887
-0.0656993
0.0816318
-0.0307031
0.0129694
0.00990607
-0.0318653
0.0904528
-0.00138609
0.0370922
-0.0123595
-0.0334428
-0.0320226
0.112656
-0.134731
-0.0329175
0.0673971
0.0205754
-0.0418411
-0.030232
0.0240159
-0.00315814
-0.00904792
0.0414448
-0.0429422
0.0697037
-0.119286
0.0833089
-0.042628
-0.00442866
0.0397267
-0.0130265
0.000835873
0.0121577
0.0382016
-0.0333979
-0.00567929
0.0445759
0
-0.0322507
0.0339585
0.0254066
-0.0193597
0.0341535
-0.115368
0.187429
-0.0319061
-0.0445532
0.0164105
0.0460404
-0.104107
0.0219887
-0.0656993
0.0816318
-0.0307031
0.0129694
0.00990607
-0.0318653
0.0904528
-0.00138609
0.0370922
-0.0123595
-0.0334428
-0.0320226
0.112656
-0.134731
-0.0329175
0.0673971
0.0205754
-0.0418411
-0.030232
0.0240159
-0.00315814
-0.00904792
0.0414448
-0.0429422
0.0697037
-0.119286
0.0833089
-0.042628
-0.00442866
0.0397267
-0.0130265
0.000835873
0.0121577
0.0382016
-0.0333979
-0.00567929
0.0445759
0
0.0988051
0.00301974
-0.0305528
-0.0305528
0.00301974
0.0988051
-0.0305608
-0.0305608
-0.0305608
-0.0305608
-0.0305608
-0.0305608
-0.0305608
-0.0305608
-0.0305608
-0.0305608
-0.0305608
-0.0305608
-0.0305608
-0.0305608
2.66814
0.000991328
0.000455938
0.00379109
0.00379109
0.000455938
0.000991328
0.00379161
0.00379161
0.00379161
0.00379161
0.00379161
0.00379161
0.00379161
0.00379161
0.00379161
0.00379161
0.00379161
0.00379161
0.00379161
0.00379161
-3.74248
-0.359453
-0.00736271
0.327541
0.327541
-0.00736271
-0.359453
0.327542
0.327542
0.327542
0.327542
0.327542
0.327542
0.327542
0.327542
0.327542
0.327542
0.327542
0.327542
0.327542
0.327542
-1.92268
-0.359453
-0.00736271
0.327541
0.327541
-0.00736271
-0.359453
0.327542
0.327542
0.327542
0.327542
0.327542
0.327542
0.327542
0.327542
0.327542
0.327542
0.327542
0.327542
0.327542
0.327542
-1.92268
0.000991328
0.000455938
0.00379109
0.00379109
0.000455938
0.000991328
0.00379161
0.00379161
0.00379161
0.00379161
0.00379161
0.00379161
0.00379161
0.00379161
0.00379161
0.00379161
0.00379161
0.00379161
0.00379161
0.00379161
-3.74248
0.0988051
0.00301974
-0.0305528
-0.0305528
0.00301974
0.0988051
-0.0305608
-0.0305608
-0.0305608
-0.0305608
-0.0305608
-0.0305608
-0.0305608
-0.0305608
-0.0305608
-0.0305608
-0.0305608
-0.0305608
-0.0305608
-0.0305608
2.66814
-0.445444
-0.00984673
0.205191
0.205191
-0.00984673
-0.445444
0.205218
0.205218
0.205218
0.205218
0.205218
0.205218
0.205218
0.205218
0.205218
0.205218
0.205218
0.205218
0.205218
0.205218
0
-0.445444
-0.00984673
0.205191
0.205191
-0.00984673
-0.445444
0.205218
0.205218
0.205218
0.205218
0.205218
0.205218
0.205218
0.205218
0.205218
0.205218
0.205218
0.205218
0.205218
0.205218
0
-0.445444
-0.00984673
0.205191
0.205191
-0.00984673
-0.445444
0.205218
0.205218
0.205218
0.205218
0.205218
0.205218
0.205218
0.205218
0.205218
0.205218
0.205218
0.205218
0.205218
0.205218
0
-0.445444
-0.00984673
0.205191
0.205191
-0.00984673
-0.445444
0.205218
0.205218
0.205218
0.205218
0.205218
0.205218
0.205218
0.205218
0.205218
0.205218
0.205218
0.205218
0.205218
0.205218
0
-0.445444
-0.00984673
0.205191
0.205191
-0.00984673
-0.445444
0.205218
0.205218
0.205218
0.205218
0.205218
0.205218
0.205218
0.205218
0.205218
0.205218
0.205218
0.205218
0.205218
0.205218
0
-0.445444
-0.00984673
0.205191
0.205191
-0.00984673
-0.445444
0.205218
0.205218
0.205218
0.205218
0.205218
0.205218
0.205218
0.205218
0.205218
0.205218
0.205218
0.205218
0.205218
0.205218
0
-0.445444
-0.00984673
0.205191
0.205191
-0.00984673
-0.445444
0.205218
0.205218
0.205218
0.205218
0.205218
0.205218
0.205218
0.205218
0.205218
0.205218
0.205218
0.205218
0.205218
0.205218
0
-0.445444
-0.00984673
0.205191
0.205191
-0.00984673
-0.445444
0.205218
0.205218
0.205218
0.205218
0.205218
0.205218
0.205218
0.205218
0.205218
0.205218
0.205218
0.205218
0.205218
0.205218
0
-0.445444
-0.00984673
0.205191
0.205191
-0.00984673
-0.445444
0.205218
0.205218
0.205218
0.205218
0.205218
0.205218
0.205218
0.205218
0.205218
0.205218
0.205218
0.205218
0.205218
0.205218
0
-0.445444
-0.00984673
0.205191
0.205191
-0.00984673
-0.445444
0.205218
0.205218
0.205218
0.205218
0.205218
0.205218
0.205218
0.205218
0.205218
0.205218
0.205218
0.205218
0.205218
0.205218
0
-0.445444
-0.00984673
0.205191
0.205191
-0.00984673
-0.445444
0.205218
0.205218
0.205218
0.205218
0.205218
0.205218
0.205218
0.205218
0.205218
0.205218
0.205218
0.205218
0.205218
0.205218
0
-0.445444
-0.00984673
0.205191
0.205191
-0.00984673
-0.445444
0.205218
0.205218
0.205218
0.205218
0.205218
0.205218
0.205218
0.205218
0.205218
0.205218
0.205218
0.205218
0.205218
0.205218
0
-0.445444
-0.00984673
0.205191
0.205191
-0.00984673
-0.445444
0.205218
0.205218
0.205218
0.205218
0.205218
0.205218
0.205218
0.205218
0.205218
0.205218
0.205218
0.205218
0.205218
0.205218
0
-0.445444
-0.00984673
0.205191
0.205191
-0.00984673
-0.445444
0.205218
0.205218
0.205218
0.205218
0.205218
0.205218
0.205218
0.205218
0.205218
0.205218
0.205218
0.205218
0.205218
0.205218
0
0.637509
0.0311347
-0.742648
-0.742648
0.0311347
0.637509
-0.322154
-0.322154
-0.322154
-0.322154
-0.322154
-0.322154
-0.322154
-0.322154
-0.322154
-0.322154
-0.322154
-0.322154
-0.322154
-0.322154
2.16359
0.0220131
0.0122333
0.0228585
0.0228585
0.0122333
0.0220131
0.022635
0.022635
0.022635
0.022635
0.022635
0.022635
0.022635
0.022635
0.022635
0.022635
0.022635
0.022635
0.022635
0.022635
-3.90422
-0.86994
-0.00487846
0.939199
0.939199
-0.00487846
-0.86994
0.393947
0.393947
0.393947
0.393947
0.393947
0.393947
0.393947
0.393947
0.393947
0.393947
0.393947
0.393947
0.393947
0.393947
-2.58799
-0.86994
-0.00487846
0.939199
0.939199
-0.00487846
-0.86994
0.393947
0.393947
0.393947
0.393947
0.393947
0.393947
0.393947
0.393947
0.393947
0.393947
0.393947
0.393947
0.393947
0.393947
-2.58799
0.0220131
0.0122333
0.0228585
0.0228585
0.0122333
0.0220131
0.022635
0.022635
0.022635
0.022635
0.022635
0.022635
0.022635
0.022635
0.022635
0.022635
0.022635
0.022635
0.022635
0.022635
-3.90422
0.637509
0.0311347
-0.742648
-0.742648
0.0311347
0.637509
-0.322154
-0.322154
-0.322154
-0.322154
-0.322154
-0.322154
-0.322154
-0.322154
-0.322154
-0.322154
-0.322154
-0.322154
-0.322154
-0.322154
2.16359
-0.0746586
0.0143965
0.179081
0.179081
0.0143965
-0.0746586
0.107177
0.107177
0.107177
0.107177
0.107177
0.107177
0.107177
0.107177
0.107177
0.107177
0.107177
0.107177
0.107177
0.107177
0
-0.0746586
0.0143965
0.179081
0.179081
0.0143965
-0.0746586
0.107177
0.107177
0.107177
0.107177
0.107177
0.107177
0.107177
0.107177
0.107177
0.107177
0.107177
0.107177
0.107177
0.107177
0
-0.0746586
0.0143965
0.179081
0.179081
0.0143965
-0.0746586
0.107177
0.107177
0.107177
0.107177
0.107177
0.107177
0.107177
0.107177
0.107177
0.107177
0.107177
0.107177
0.107177
0.107177
0
-0.0746586
0.0143965
0.179081
0.179081
0.0143965
-0.0746586
0.107177
0.107177
0.107177
0.107177
0.107177
0.107177
0.107177
0.107177
0.107177
0.107177
0.107177
0.107177
0.107177
0.107177
0
-0.0746586
0.0143965
0.179081
0.179081
0.0143965
-0.0746586
0.107177
0.107177
0.107177
0.107177
0.107177
0.107177
0.107177
0.107177
0.107177
0.107177
0.107177
0.107177
0.107177
0.107177
0
-0.0746586
0.0143965
0.179081
0.179081
0.0143965
-0.0746586
0.107177
0.107177
0.107177
0.107177
0.107177
0.107177
0.107177
0.107177
0.107177
0.107177
0.107177
0.107177
0.107177
0.107177
0
-0.0746586
0.0143965
0.179081
0.179081
0.0143965
-0.0746586
0.107177
0.107177
0.107177
0.107177
0.107177
0.107177
0.107177
0.107177
0.107177
0.107177
0.107177
0.107177
0.107177
0.107177
0
-0.0746586
0.0143965
0.179081
0.179081
0.0143965
-0.0746586
0.107177
0.107177
0.107177
0.107177
0.107177
0.107177
0.107177
0.107177
0.107177
0.107177
0.107177
0.107177
0.107177
0.107177
0
-0.0746586
0.0143965
0.179081
0.179081
0.0143965
-0.0746586
0.107177
0.107177
0.107177
0.107177
0.107177
0.107177
0.107177
0.107177
0.107177
0.107177
0.107177
0.107177
0.107177
0.107177
0
-0.0746586
0.0143965
0.179081
0.179081
0.0143965
-0.0746586
0.107177
0.107177
0.107177
0.107177
0.107177
0.107177
0.107177
0.107177
0.107177
0.107177
0.107177
0.107177
0.107177
0.107177
0
-0.0746586
0.0143965
0.179081
0.179081
0.0143965
-0.0746586
0.107177
0.107177
0.107177
0.107177
0.107177
0.107177
0.107177
0.107177
0.107177
0.107177
0.107177
0.107177
0.107177
0.107177
0
-0.0746586
0.0143965
0.179081
0.179081
0.0143965
-0.0746586
0.107177
0.107177
0.107177
0.107177
0.107177
0.107177
0.107177
0.107177
0.107177
0.107177
0.107177
0.107177
0.107177
0.107177
0
-0.0746586
0.0143965
0.179081
0.179081
0.0143965
-0.0746586
0.107177
0.107177
0.107177
0.107177
0.107177
0.107177
0.107177
0.107177
0.107177
0.107177
0.107177
0.107177
0.107177
0.107177
0
-0.0746586
0.0143965
0.179081
0.179081
0.0143965
-0.0746586
0.107177
0.107177
0.107177
0.107177
0.107177
0.107177
0.107177
0.107177
0.107177
0.107177
0.107177
0.107177
0.107177
0.107177
0
1.55449
-0.00107649
-1.71899
-1.71899
-0.00107649
1.55449
-0.117336
-0.117336
-0.117336
-0.117336
-0.117336
-0.117336
-0.117336
-0.117336
-0.117336
-0.117336
-0.117336
-0.117336
-0.117336
-0.117336
1.3725
-0.467414
-0.263322
-0.46596
-0.46596
-0.263322
-0.467414
-0.466907
-0.466907
-0.466907
-0.466907
-0.466907
-0.466907
-0.466907
-0.466907
-0.466907
-0.466907
-0.466907
-0.466907
-0.466907
-0.466907
-0.874654
-1.55449
0.00107649
1.71899
1.71899
0.00107649
-1.55449
0.117336
0.117336
0.117336
0.117336
0.117336
0.117336
0.117336
0.117336
0.117336
0.117336
0.117336
0.117336
0.117336
0.117336
-1.3725
-1.55449
0.00107649
1.71899
1.71899
0.00107649
-1.55449
0.117336
0.117336
0.117336
0.117336
0.117336
0.117336
0.117336
0.117336
0.117336
0.117336
0.117336
0.117336
0.117336
0.117336
-1.3725
-0.467414
-0.263322
-0.46596
-0.46596
-0.263322
-0.467414
-0.466907
-0.466907
-0.466907
-0.466907
-0.466907
-0.466907
-0.466907
-0.466907
-0.466907
-0.466907
-0.466907
-0.466907
-0.466907
-0.466907
-0.874654
1.55449
-0.00107649
-1.71899
-1.71899
-0.00107649
1.55449
-0.117336
-0.117336
-0.117336
-0.117336
-0.117336
-0.117336
-0.117336
-0.117336
-0.117336
-0.117336
-0.117336
-0.117336
-0.117336
-0.117336
1.3725
