-4.66127e-09
-3.16301e-08
-1.51265e-08
0
-1.52783e-08
6.70179e-09
-8.21624e-08
3.90083e-08
2.65261e-08
0
1.29508e-08
5.35005e-08
-1.12438e-08
2.44929e-09
-4.86019e-08
0
-2.42302e-08
-2.18821e-08
-2.11872e-08
-5.32312e-08
8.25251e-10
0
2.92724e-08
2.90468e-08
1.21093e-08
-9.22057e-09
7.66837e-08
-4.68255e-09
-3.21845e-08
1.05276e-08
3.0192e-08
6.99949e-09
-1.45805e-08
-3.73745e-10
-2.98774e-09
-1.11007e-08
1.79934e-08
-1.00388e-08
4.17022e-08
-3.88618e-08
1.42341e-08
-1.47737e-08
-2.30776e-08
7.61963e-10
-9.27026e-09
-1.16281e-08
-5.81855e-09
2.24354e-08
3.38133e-09
0
1.13373
-2.13111e-09
-1.44611e-08
-6.91579e-09
0
-6.98516e-09
3.06403e-09
-3.75643e-08
1.78344e-08
1.21276e-08
0
5.92107e-09
2.44602e-08
-5.14061e-09
1.1198e-09
-2.22206e-08
0
-1.1078e-08
-1.00044e-08
-9.6867e-09
-2.43371e-08
3.77301e-10
0
1.33832e-08
1.32801e-08
5.53632e-09
-4.2156e-09
3.50594e-08
-2.14084e-09
-1.47146e-08
4.81316e-09
1.38036e-08
3.20014e-09
-6.66616e-09
-1.70874e-10
-1.36598e-09
-5.07518e-09
8.22648e-09
-4.58968e-09
1.90661e-08
-1.77674e-08
6.50778e-09
-6.75448e-09
-1.0551e-08
3.48366e-10
-4.23832e-09
-5.31633e-09
-2.66021e-09
1.02574e-08
1.54593e-09
0
-1.13373
-2.13111e-09
-1.44611e-08
-6.91579e-09
0
-6.98516e-09
3.06403e-09
-3.75643e-08
1.78344e-08
1.21276e-08
0
5.92107e-09
2.44602e-08
-5.14061e-09
1.1198e-09
-2.22206e-08
0
-1.1078e-08
-1.00044e-08
-9.6867e-09
-2.43371e-08
3.77301e-10
0
1.33832e-08
1.32801e-08
5.53632e-09
-4.2156e-09
3.50594e-08
-2.14084e-09
-1.47146e-08
4.81316e-09
1.38036e-08
3.20014e-09
-6.66616e-09
-1.70874e-10
-1.36598e-09
-5.07518e-09
8.22648e-09
-4.58968e-09
1.90661e-08
-1.77674e-08
6.50778e-09
-6.75448e-09
-1.0551e-08
3.48366e-10
-4.23832e-09
-5.31633e-09
-2.66021e-09
1.02574e-08
1.54593e-09
0
-1.13373
-2.13111e-09
-1.44611e-08
-6.91579e-09
0
-6.98516e-09
3.06403e-09
-3.75643e-08
1.78344e-08
1.21276e-08
0
5.92107e-09
2.44602e-08
-5.14061e-09
1.1198e-09
-2.22206e-08
0
-1.1078e-08
-1.00044e-08
-9.6867e-09
-2.43371e-08
3.77301e-10
0
1.33832e-08
1.32801e-08
5.53632e-09
-4.2156e-09
3.50594e-08
-2.14084e-09
-1.47146e-08
4.81316e-09
1.38036e-08
3.20014e-09
-6.66616e-09
-1.70874e-10
-1.36598e-09
-5.07518e-09
8.22648e-09
-4.58968e-09
1.90661e-08
-1.77674e-08
6.50778e-09
-6.75448e-09
-1.0551e-08
3.48366e-10
-4.23832e-09
-5.31633e-09
-2.66021e-09
1.02574e-08
1.54593e-09
0
-1.13373
-2.13111e-09
-1.44611e-08
-6.91579e-09
0
-6.98516e-09
3.06403e-09
-3.75643e-08
1.78344e-08
1.21276e-08
0
5.92107e-09
2.44602e-08
-5.14061e-09
1.1198e-09
-2.22206e-08
0
-1.1078e-08
-1.00044e-08
-9.6867e-09
-2.43371e-08
3.77301e-10
0
1.33832e-08
1.32801e-08
5.53632e-09
-4.2156e-09
3.50594e-08
-2.14084e-09
-1.47146e-08
4.81316e-09
1.38036e-08
3.20014e-09
-6.66616e-09
-1.70874e-10
-1.36598e-09
-5.07518e-09
8.22648e-09
-4.58968e-09
1.90661e-08
-1.77674e-08
6.50778e-09
-6.75448e-09
-1.0551e-08
3.48366e-10
-4.23832e-09
-5.31633e-09
-2.66021e-09
1.02574e-08
1.54593e-09
0
-1.13373
-4.66127e-09
-3.16301e-08
-1.51265e-08
0
-1.52783e-08
6.70179e-09
-8.21624e-08
3.90083e-08
2.65261e-08
0
1.29508e-08
5.35005e-08
-1.12438e-08
2.44929e-09
-4.86019e-08
0
-2.42302e-08
-2.18821e-08
-2.11872e-08
-5.32312e-08
8.25251e-10
0
2.92724e-08
2.90468e-08
1.21093e-08
-9.22057e-09
7.66837e-08
-4.68255e-09
-3.21845e-08
1.05276e-08
3.0192e-08
6.99949e-09
-1.45805e-08
-3.73745e-10
-2.98774e-09
-1.11007e-08
1.79934e-08
-1.00388e-08
4.17022e-08
-3.88618e-08
1.42341e-08
-1.47737e-08
-2.30776e-08
7.61963e-10
-9.27026e-09
-1.16281e-08
-5.81855e-09
2.24354e-08
3.38133e-09
0
1.13373
-4.30567e-09
-2.92171e-08
-1.39726e-08
0
-1.41127e-08
6.19052e-09
-7.58943e-08
3.60324e-08
2.45024e-08
0
1.19628e-08
4.9419e-08
-1.0386e-08
2.26243e-09
-4.48941e-08
0
-2.23817e-08
-2.02128e-08
-1.95709e-08
-4.91702e-08
7.62293e-10
0
2.70392e-08
2.68308e-08
1.11855e-08
-8.51714e-09
7.08336e-08
-4.32532e-09
-2.97292e-08
9.72444e-09
2.78887e-08
6.46551e-09
-1.34682e-08
-3.45232e-10
-2.75981e-09
-1.02538e-08
1.66207e-08
-9.27292e-09
3.85208e-08
-3.5897e-08
1.31482e-08
-1.36466e-08
-2.13171e-08
7.03834e-10
-8.56305e-09
-1.0741e-08
-5.37466e-09
2.07238e-08
3.12337e-09
0
0
-4.30567e-09
-2.92171e-08
-1.39726e-08
0
-1.41127e-08
6.19052e-09
-7.58943e-08
3.60324e-08
2.45024e-08
0
1.19628e-08
4.9419e-08
-1.0386e-08
2.26243e-09
-4.48941e-08
0
-2.23817e-08
-2.02128e-08
-1.95709e-08
-4.91702e-08
7.62293e-10
0
2.70392e-08
2.68308e-08
1.11855e-08
-8.51714e-09
7.08336e-08
-4.32532e-09
-2.97292e-08
9.72444e-09
2.78887e-08
6.46551e-09
-1.34682e-08
-3.45232e-10
-2.75981e-09
-1.02538e-08
1.66207e-08
-9.27292e-09
3.85208e-08
-3.5897e-08
1.31482e-08
-1.36466e-08
-2.13171e-08
7.03834e-10
-8.56305e-09
-1.0741e-08
-5.37466e-09
2.07238e-08
3.12337e-09
0
0
-4.30567e-09
-2.92171e-08
-1.39726e-08
0
-1.41127e-08
6.19052e-09
-7.58943e-08
3.60324e-08
2.45024e-08
0
1.19628e-08
4.9419e-08
-1.0386e-08
2.26243e-09
-4.48941e-08
0
-2.23817e-08
-2.02128e-08
-1.95709e-08
-4.91702e-08
7.62293e-10
0
2.70392e-08
2.68308e-08
1.11855e-08
-8.51714e-09
7.08336e-08
-4.32532e-09
-2.97292e-08
9.72444e-09
2.78887e-08
6.46551e-09
-1.34682e-08
-3.45232e-10
-2.75981e-09
-1.02538e-08
1.66207e-08
-9.27292e-09
3.85208e-08
-3.5897e-08
1.31482e-08
-1.36466e-08
-2.13171e-08
7.03834e-10
-8.56305e-09
-1.0741e-08
-5.37466e-09
2.07238e-08
3.12337e-09
0
0
-4.30567e-09
-2.92171e-08
-1.39726e-08
0
-1.41127e-08
6.19052e-09
-7.58943e-08
3.60324e-08
2.45024e-08
0
1.19628e-08
4.9419e-08
-1.0386e-08
2.26243e-09
-4.48941e-08
0
-2.23817e-08
-2.02128e-08
-1.95709e-08
-4.91702e-08
7.62293e-10
0
2.70392e-08
2.68308e-08
1.11855e-08
-8.51714e-09
7.08336e-08
-4.32532e-09
-2.97292e-08
9.72444e-09
2.78887e-08
6.46551e-09
-1.34682e-08
-3.45232e-10
-2.75981e-09
-1.02538e-08
1.66207e-08
-9.27292e-09
3.85208e-08
-3.5897e-08
1.31482e-08
-1.36466e-08
-2.13171e-08
7.03834e-10
-8.56305e-09
-1.0741e-08
-5.37466e-09
2.07238e-08
3.12337e-09
0
0
-4.30567e-09
-2.92171e-08
-1.39726e-08
0
-1.41127e-08
6.19052e-09
-7.58943e-08
3.60324e-08
2.45024e-08
0
1.19628e-08
4.9419e-08
-1.0386e-08
2.26243e-09
-4.48941e-08
0
-2.23817e-08
-2.02128e-08
-1.95709e-08
-4.91702e-08
7.62293e-10
0
2.70392e-08
2.68308e-08
1.11855e-08
-8.51714e-09
7.08336e-08
-4.32532e-09
-2.97292e-08
9.72444e-09
2.78887e-08
6.46551e-09
-1.34682e-08
-3.45232e-10
-2.75981e-09
-1.02538e-08
1.66207e-08
-9.27292e-09
3.85208e-08
-3.5897e-08
1.31482e-08
-1.36466e-08
-2.13171e-08
7.03834e-10
-8.56305e-09
-1.0741e-08
-5.37466e-09
2.07238e-08
3.12337e-09
0
0
-4.30567e-09
-2.92171e-08
-1.39726e-08
0
-1.41127e-08
6.19052e-09
-7.58943e-08
3.60324e-08
2.45024e-08
0
1.19628e-08
4.9419e-08
-1.0386e-08
2.26243e-09
-4.48941e-08
0
-2.23817e-08
-2.02128e-08
-1.95709e-08
-4.91702e-08
7.62293e-10
0
2.70392e-08
2.68308e-08
1.11855e-08
-8.51714e-09
7.08336e-08
-4.32532e-09
-2.97292e-08
9.72444e-09
2.78887e-08
6.46551e-09
-1.34682e-08
-3.45232e-10
-2.75981e-09
-1.02538e-08
1.66207e-08
-9.27292e-09
3.85208e-08
-3.5897e-08
1.31482e-08
-1.36466e-08
-2.13171e-08
7.03834e-10
-8.56305e-09
-1.0741e-08
-5.37466e-09
2.07238e-08
3.12337e-09
0
0
-4.30567e-09
-2.92171e-08
-1.39726e-08
0
-1.41127e-08
6.19052e-09
-7.58943e-08
3.60324e-08
2.45024e-08
0
1.19628e-08
4.9419e-08
-1.0386e-08
2.26243e-09
-4.48941e-08
0
-2.23817e-08
-2.02128e-08
-1.95709e-08
-4.91702e-08
7.62293e-10
0
2.70392e-08
2.68308e-08
1.11855e-08
-8.51714e-09
7.08336e-08
-4.32532e-09
-2.97292e-08
9.72444e-09
2.78887e-08
6.46551e-09
-1.34682e-08
-3.45232e-10
-2.75981e-09
-1.02538e-08
1.66207e-08
-9.27292e-09
3.85208e-08
-3.5897e-08
1.31482e-08
-1.36466e-08
-2.13171e-08
7.03834e-10
-8.56305e-09
-1.0741e-08
-5.37466e-09
2.07238e-08
3.12337e-09
0
0
-4.30567e-09
-2.92171e-08
-1.39726e-08
0
-1.41127e-08
6.19052e-09
-7.58943e-08
3.60324e-08
2.45024e-08
0
1.19628e-08
4.9419e-08
-1.0386e-08
2.26243e-09
-4.48941e-08
0
-2.23817e-08
-2.02128e-08
-1.95709e-08
-4.91702e-08
7.62293e-10
0
2.70392e-08
2.68308e-08
1.11855e-08
-8.51714e-09
7.08336e-08
-4.32532e-09
-2.97292e-08
9.72444e-09
2.78887e-08
6.46551e-09
-1.34682e-08
-3.45232e-10
-2.75981e-09
-1.02538e-08
1.66207e-08
-9.27292e-09
3.85208e-08
-3.5897e-08
1.31482e-08
-1.36466e-08
-2.13171e-08
7.03834e-10
-8.56305e-09
-1.0741e-08
-5.37466e-09
2.07238e-08
3.12337e-09
0
0
-4.30567e-09
-2.92171e-08
-1.39726e-08
0
-1.41127e-08
6.19052e-09
-7.58943e-08
3.60324e-08
2.45024e-08
0
1.19628e-08
4.9419e-08
-1.0386e-08
2.26243e-09
-4.48941e-08
0
-2.23817e-08
-2.02128e-08
-1.95709e-08
-4.91702e-08
7.62293e-10
0
2.70392e-08
2.68308e-08
1.11855e-08
-8.51714e-09
7.08336e-08
-4.32532e-09
-2.97292e-08
9.72444e-09
2.78887e-08
6.46551e-09
-1.34682e-08
-3.45232e-10
-2.75981e-09
-1.02538e-08
1.66207e-08
-9.27292e-09
3.85208e-08
-3.5897e-08
1.31482e-08
-1.36466e-08
-2.13171e-08
7.03834e-10
-8.56305e-09
-1.0741e-08
-5.37466e-09
2.07238e-08
3.12337e-09
0
0
8.24265e-05
3.40648e-05
3.40648e-05
3.40648e-05
3.40648e-05
8.24265e-05
5.82457e-05
5.82457e-05
5.82457e-05
5.82457e-05
5.82457e-05
5.82457e-05
5.82457e-05
5.82457e-05
5.82457e-05
1.13369
4.4636e-05
1.87932e-05
1.87932e-05
1.87932e-05
1.87932e-05
4.4636e-05
3.17146e-05
3.17146e-05
3.17146e-05
3.17146e-05
3.17146e-05
3.17146e-05
3.17146e-05
3.17146e-05
3.17146e-05
-1.13375
4.4636e-05
1.87932e-05
1.87932e-05
1.87932e-05
1.87932e-05
4.4636e-05
3.17146e-05
3.17146e-05
3.17146e-05
3.17146e-05
3.17146e-05
3.17146e-05
3.17146e-05
3.17146e-05
3.17146e-05
-1.13375
4.4636e-05
1.87932e-05
1.87932e-05
1.87932e-05
1.87932e-05
4.4636e-05
3.17146e-05
3.17146e-05
3.17146e-05
3.17146e-05
3.17146e-05
3.17146e-05
3.17146e-05
3.17146e-05
3.17146e-05
-1.13375
4.4636e-05
1.87932e-05
1.87932e-05
1.87932e-05
1.87932e-05
4.4636e-05
3.17146e-05
3.17146e-05
3.17146e-05
3.17146e-05
3.17146e-05
3.17146e-05
3.17146e-05
3.17146e-05
3.17146e-05
-1.13375
8.24265e-05
3.40648e-05
3.40648e-05
3.40648e-05
3.40648e-05
8.24265e-05
5.82457e-05
5.82457e-05
5.82457e-05
5.82457e-05
5.82457e-05
5.82457e-05
5.82457e-05
5.82457e-05
5.82457e-05
1.13369
7.77122e-05
3.19406e-05
3.19406e-05
3.19406e-05
3.19406e-05
7.77122e-05
5.48264e-05
5.48264e-05
5.48264e-05
5.48264e-05
5.48264e-05
5.48264e-05
5.48264e-05
5.48264e-05
5.48264e-05
0
7.77122e-05
3.19406e-05
3.19406e-05
3.19406e-05
3.19406e-05
7.77122e-05
5.48264e-05
5.48264e-05
5.48264e-05
5.48264e-05
5.48264e-05
5.48264e-05
5.48264e-05
5.48264e-05
5.48264e-05
0
7.77122e-05
3.19406e-05
3.19406e-05
3.19406e-05
3.19406e-05
7.77122e-05
5.48264e-05
5.48264e-05
5.48264e-05
5.48264e-05
5.48264e-05
5.48264e-05
5.48264e-05
5.48264e-05
5.48264e-05
0
7.77122e-05
3.19406e-05
3.19406e-05
3.19406e-05
3.19406e-05
7.77122e-05
5.48264e-05
5.48264e-05
5.48264e-05
5.48264e-05
5.48264e-05
5.48264e-05
5.48264e-05
5.48264e-05
5.48264e-05
0
7.77122e-05
3.19406e-05
3.19406e-05
3.19406e-05
3.19406e-05
7.77122e-05
5.48264e-05
5.48264e-05
5.48264e-05
5.48264e-05
5.48264e-05
5.48264e-05
5.48264e-05
5.48264e-05
5.48264e-05
0
7.77122e-05
3.19406e-05
3.19406e-05
3.19406e-05
3.19406e-05
7.77122e-05
5.48264e-05
5.48264e-05
5.48264e-05
5.48264e-05
5.48264e-05
5.48264e-05
5.48264e-05
5.48264e-05
5.48264e-05
0
7.77122e-05
3.19406e-05
3.19406e-05
3.19406e-05
3.19406e-05
7.77122e-05
5.48264e-05
5.48264e-05
5.48264e-05
5.48264e-05
5.48264e-05
5.48264e-05
5.48264e-05
5.48264e-05
5.48264e-05
0
7.77122e-05
3.19406e-05
3.19406e-05
3.19406e-05
3.19406e-05
7.77122e-05
5.48264e-05
5.48264e-05
5.48264e-05
5.48264e-05
5.48264e-05
5.48264e-05
5.48264e-05
5.48264e-05
5.48264e-05
0
7.77122e-05
3.19406e-05
3.19406e-05
3.19406e-05
3.19406e-05
7.77122e-05
5.48264e-05
5.48264e-05
5.48264e-05
5.48264e-05
5.48264e-05
5.48264e-05
5.48264e-05
5.48264e-05
5.48264e-05
0
0.00815059
0.00387295
0.00387295
0.00387295
0.00387295
0.00815059
0.0060119
0.0060119
0.0060119
0.0060119
0.0060119
0.0060119
0.0060119
0.0060119
0.0060119
1.12787
0.00544734
0.00265005
0.00265005
0.00265005
0.00265005
0.00544734
0.00404878
0.00404878
0.00404878
0.00404878
0.00404878
0.00404878
0.00404878
0.00404878
0.00404878
-1.13782
0.00544734
0.00265005
0.00265005
0.00265005
0.00265005
0.00544734
0.00404878
0.00404878
0.00404878
0.00404878
0.00404878
0.00404878
0.00404878
0.00404878
0.00404878
-1.13782
0.00544734
0.00265005
0.00265005
0.00265005
0.00265005
0.00544734
0.00404878
0.00404878
0.00404878
0.00404878
0.00404878
0.00404878
0.00404878
0.00404878
0.00404878
-1.13782
0.00544734
0.00265005
0.00265005
0.00265005
0.00265005
0.00544734
0.00404878
0.00404878
0.00404878
0.00404878
0.00404878
0.00404878
0.00404878
0.00404878
0.00404878
-1.13782
0.00815059
0.00387295
0.00387295
0.00387295
0.00387295
0.00815059
0.0060119
0.0060119
0.0060119
0.0060119
0.0060119
0.0060119
0.0060119
0.0060119
0.0060119
1.12787
0.00798202
0.00375564
0.00375564
0.00375564
0.00375564
0.00798202
0.00586897
0.00586897
0.00586897
0.00586897
0.00586897
0.00586897
0.00586897
0.00586897
0.00586897
0
0.00798202
0.00375564
0.00375564
0.00375564
0.00375564
0.00798202
0.00586897
0.00586897
0.00586897
0.00586897
0.00586897
0.00586897
0.00586897
0.00586897
0.00586897
0
0.00798202
0.00375564
0.00375564
0.00375564
0.00375564
0.00798202
0.00586897
0.00586897
0.00586897
0.00586897
0.00586897
0.00586897
0.00586897
0.00586897
0.00586897
0
0.00798202
0.00375564
0.00375564
0.00375564
0.00375564
0.00798202
0.00586897
0.00586897
0.00586897
0.00586897
0.00586897
0.00586897
0.00586897
0.00586897
0.00586897
0
0.00798202
0.00375564
0.00375564
0.00375564
0.00375564
0.00798202
0.00586897
0.00586897
0.00586897
0.00586897
0.00586897
0.00586897
0.00586897
0.00586897
0.00586897
0
0.00798202
0.00375564
0.00375564
0.00375564
0.00375564
0.00798202
0.00586897
0.00586897
0.00586897
0.00586897
0.00586897
0.00586897
0.00586897
0.00586897
0.00586897
0
0.00798202
0.00375564
0.00375564
0.00375564
0.00375564
0.00798202
0.00586897
0.00586897
0.00586897
0.00586897
0.00586897
0.00586897
0.00586897
0.00586897
0.00586897
0
0.00798202
0.00375564
0.00375564
0.00375564
0.00375564
0.00798202
0.00586897
0.00586897
0.00586897
0.00586897
0.00586897
0.00586897
0.00586897
0.00586897
0.00586897
0
0.00798202
0.00375564
0.00375564
0.00375564
0.00375564
0.00798202
0.00586897
0.00586897
0.00586897
0.00586897
0.00586897
0.00586897
0.00586897
0.00586897
0.00586897
0
0.0703189
0.0402335
0.0402335
0.0402335
0.0402335
0.0703189
0.0553753
0.0553753
0.0553753
0.0553753
0.0553753
0.0553753
0.0553753
0.0553753
0.0553753
1.05857
0.066084
0.0377868
0.0377868
0.0377868
0.0377868
0.066084
0.0520302
0.0520302
0.0520302
0.0520302
0.0520302
0.0520302
0.0520302
0.0520302
0.0520302
-1.1944
0.066084
0.0377868
0.0377868
0.0377868
0.0377868
0.066084
0.0520302
0.0520302
0.0520302
0.0520302
0.0520302
0.0520302
0.0520302
0.0520302
0.0520302
-1.1944
0.066084
0.0377868
0.0377868
0.0377868
0.0377868
0.066084
0.0520302
0.0520302
0.0520302
0.0520302
0.0520302
0.0520302
0.0520302
0.0520302
0.0520302
-1.1944
0.066084
0.0377868
0.0377868
0.0377868
0.0377868
0.066084
0.0520302
0.0520302
0.0520302
0.0520302
0.0520302
0.0520302
0.0520302
0.0520302
0.0520302
-1.1944
0.0703189
0.0402335
0.0402335
0.0402335
0.0402335
0.0703189
0.0553753
0.0553753
0.0553753
0.0553753
0.0553753
0.0553753
0.0553753
0.0553753
0.0553753
1.05857
0.0764921
0.0427465
0.0427465
0.0427465
0.0427465
0.0764921
0.0597396
0.0597396
0.0597396
0.0597396
0.0597396
0.0597396
0.0597396
0.0597396
0.0597396
0
0.0764921
0.0427465
0.0427465
0.0427465
0.0427465
0.0764921
0.0597396
0.0597396
0.0597396
0.0597396
0.0597396
0.0597396
0.0597396
0.0597396
0.0597396
0
0.0764921
0.0427465
0.0427465
0.0427465
0.0427465
0.0764921
0.0597396
0.0597396
0.0597396
0.0597396
0.0597396
0.0597396
0.0597396
0.0597396
0.0597396
0
0.0764921
0.0427465
0.0427465
0.0427465
0.0427465
0.0764921
0.0597396
0.0597396
0.0597396
0.0597396
0.0597396
0.0597396
0.0597396
0.0597396
0.0597396
0
0.0764921
0.0427465
0.0427465
0.0427465
0.0427465
0.0764921
0.0597396
0.0597396
0.0597396
0.0597396
0.0597396
0.0597396
0.0597396
0.0597396
0.0597396
0
0.0764921
0.0427465
0.0427465
0.0427465
0.0427465
0.0764921
0.0597396
0.0597396
0.0597396
0.0597396
0.0597396
0.0597396
0.0597396
0.0597396
0.0597396
0
0.0764921
0.0427465
0.0427465
0.0427465
0.0427465
0.0764921
0.0597396
0.0597396
0.0597396
0.0597396
0.0597396
0.0597396
0.0597396
0.0597396
0.0597396
0
0.0764921
0.0427465
0.0427465
0.0427465
0.0427465
0.0764921
0.0597396
0.0597396
0.0597396
0.0597396
0.0597396
0.0597396
0.0597396
0.0597396
0.0597396
0
0.0764921
0.0427465
0.0427465
0.0427465
0.0427465
0.0764921
0.0597396
0.0597396
0.0597396
0.0597396
0.0597396
0.0597396
0.0597396
0.0597396
0.0597396
0
0.358486
0.254437
0.254437
0.254437
0.254437
0.358486
0.310442
0.310442
0.310442
0.310442
0.310442
0.310442
0.310442
0.310442
0.310442
0.585961
-0.358486
-0.254437
-0.254437
-0.254437
-0.254437
-0.358486
-0.310442
-0.310442
-0.310442
-0.310442
-0.310442
-0.310442
-0.310442
-0.310442
-0.310442
-0.585961
-0.358486
-0.254437
-0.254437
-0.254437
-0.254437
-0.358486
-0.310442
-0.310442
-0.310442
-0.310442
-0.310442
-0.310442
-0.310442
-0.310442
-0.310442
-0.585961
-0.358486
-0.254437
-0.254437
-0.254437
-0.254437
-0.358486
-0.310442
-0.310442
-0.310442
-0.310442
-0.310442
-0.310442
-0.310442
-0.310442
-0.310442
-0.585961
-0.358486
-0.254437
-0.254437
-0.254437
-0.254437
-0.358486
-0.310442
-0.310442
-0.310442
-0.310442
-0.310442
-0.310442
-0.310442
-0.310442
-0.310442
-0.585961
0.358486
0.254437
0.254437
0.254437
0.254437
0.358486
0.310442
0.310442
0.310442
0.310442
0.310442
0.310442
0.310442
0.310442
0.310442
0.585961
