-0.0902308
0.23871
-0.125211
0.114719
-0.0402224
0.0530263
-0.0750863
-0.0498927
-0.130196
0.11598
-0.171383
0.296247
-0.128784
0.111817
0.00976322
0.00536984
0.161243
0.0658911
-0.138978
-0.0439947
0.127676
-0.213119
0.0111849
-0.126479
0.114777
-0.0830225
0.029674
0.0348127
-0.123038
0.084441
-0.100641
0.143165
-0.00845803
-0.125736
0.191605
-0.257339
0.17702
-0.0983266
0.125519
-0.0615736
0.0401175
0.0985532
-0.116758
0.0942514
-0.0272
-0.00185813
-0.106589
0.0270642
0.0132524
-0.175331
1.66284
-0.123043
-0.102549
0.321833
-0.150363
0.283931
0.13094
-0.162763
-0.152578
0.0115919
-0.289444
-0.171564
0.0853421
-0.265029
-0.0903122
-0.291769
0.133159
0.0315635
0.407197
-0.157067
-0.0124534
0.283956
0.0896344
-0.139933
0.183538
0.170543
-0.103373
0.262334
0.0488052
-0.254437
0.126631
-0.0721297
0.322214
-0.17114
0.0551631
-0.117375
-0.0776586
-0.132885
-0.0849862
0.189401
-0.289651
0.118713
0.117186
-0.105579
0.139462
0.0883458
0.15402
-0.192198
0.412916
0.104976
0.135933
-1.31401
-0.137205
0.166612
0.177687
-0.0345248
0.166771
0.0258282
-0.353669
-0.110678
-0.0978489
-0.107985
-0.197861
0.163229
-0.245411
-0.0192585
-0.0835248
0.159397
0.0963197
0.257528
-0.176557
-0.0908459
0.251193
-0.115666
-0.0184182
0.183284
0.170316
-0.106792
0.211399
0.0257468
-0.222054
0.176793
0.00693937
0.216907
-0.112672
-0.131981
0.00304921
-0.194677
-0.0110085
-0.0603554
0.188508
-0.20476
0.134174
0.134091
-0.123659
0.129491
0.0469548
0.0580464
-0.0905938
0.364394
0.207235
0.0547549
-5.13874
-0.0524755
-0.199841
0.319438
-0.162544
0.266291
0.104726
-0.157377
-0.12522
0.0880105
-0.310757
-0.12926
0.00148415
-0.273429
-0.110267
-0.329341
0.121438
-0.0457734
0.337334
-0.110589
0.0203142
0.221322
0.167419
-0.078132
0.243322
0.159371
-0.0858032
0.280979
0.0394827
-0.213946
0.120656
-0.0396028
0.288541
-0.20426
0.106782
-0.178378
-0.0144376
-0.149286
-0.0863435
0.164813
-0.287177
0.107967
0.0668705
-0.0793039
0.120969
0.0743514
0.166919
-0.139459
0.436365
0.112424
0.221848
-3.85377
-0.0870217
0.238326
-0.123267
0.111087
-0.0378616
0.0509876
-0.0777872
-0.050955
-0.127968
0.114175
-0.170416
0.2976
-0.12506
0.115144
0.0113717
0.00716096
0.15986
0.0681851
-0.140439
-0.0456527
0.125198
-0.214623
0.00923436
-0.124988
0.111744
-0.0856954
0.0312944
0.036002
-0.124347
0.0844811
-0.101241
0.143988
-0.0102178
-0.124525
0.190433
-0.255417
0.175453
-0.0966217
0.127064
-0.0616411
0.0417395
0.0989084
-0.117515
0.0939958
-0.0275493
-0.00223913
-0.108528
0.0283061
0.0105093
-0.177533
1.45293
-0.101679
0.171554
0.175802
-0.199616
0.235026
0.0697072
-0.293806
-0.125761
-0.0105751
-0.0995343
-0.110723
0.153308
-0.112977
0.0137855
-0.0478193
0.143154
0.0570177
0.253077
-0.220067
-0.0542902
0.231351
-0.180851
-0.155057
0.219906
0.0942767
-0.181677
0.172056
0.0728117
-0.204923
0.0960327
-0.022297
0.213201
-0.106388
-0.0702405
0.00438636
-0.0933444
-0.0715593
0.0146447
0.156816
-0.191065
0.142423
0.120419
-0.14144
0.0971466
0.0687355
0.00219004
-0.170561
0.294089
0.0545652
-0.0523753
-2.06237
0.0350692
0.169492
-0.0699861
0.0761461
-0.00691403
-0.0530358
-0.119582
-0.0853233
-0.0569391
0.0558381
-0.130755
0.279797
-0.104231
0.168297
0.0154138
0.0591534
0.107445
0.0750424
-0.161221
-0.0410158
0.0241898
-0.183128
0.0371076
-0.0729104
0.0699274
-0.094627
0.0738131
0.0284285
-0.131297
0.122209
-0.100649
0.167275
-0.0949071
-0.0690751
0.11199
-0.205897
0.154574
-0.0770143
0.146167
-0.0600776
0.0727184
0.077354
-0.11121
0.0961418
-0.0633302
0.0172183
-0.105632
0.101867
-0.0157783
-0.116404
0
0.0350692
0.169492
-0.0699861
0.0761461
-0.00691403
-0.0530358
-0.119582
-0.0853233
-0.0569391
0.0558381
-0.130755
0.279797
-0.104231
0.168297
0.0154138
0.0591534
0.107445
0.0750424
-0.161221
-0.0410158
0.0241898
-0.183128
0.0371076
-0.0729104
0.0699274
-0.094627
0.0738131
0.0284285
-0.131297
0.122209
-0.100649
0.167275
-0.0949071
-0.0690751
0.11199
-0.205897
0.154574
-0.0770143
0.146167
-0.0600776
0.0727184
0.077354
-0.11121
0.0961418
-0.0633302
0.0172183
-0.105632
0.101867
-0.0157783
-0.116404
0
0.0350692
0.169492
-0.0699861
0.0761461
-0.00691403
-0.0530358
-0.119582
-0.0853233
-0.0569391
0.0558381
-0.130755
0.279797
-0.104231
0.168297
0.0154138
0.0591534
0.107445
0.0750424
-0.161221
-0.0410158
0.0241898
-0.183128
0.0371076
-0.0729104
0.0699274
-0.094627
0.0738131
0.0284285
-0.131297
0.122209
-0.100649
0.167275
-0.0949071
-0.0690751
0.11199
-0.205897
0.154574
-0.0770143
0.146167
-0.0600776
0.0727184
0.077354
-0.11121
0.0961418
-0.0633302
0.0172183
-0.105632
0.101867
-0.0157783
-0.116404
0
0.0350692
0.169492
-0.0699861
0.0761461
-0.00691403
-0.0530358
-0.119582
-0.0853233
-0.0569391
0.0558381
-0.130755
0.279797
-0.104231
0.168297
0.0154138
0.0591534
0.107445
0.0750424
-0.161221
-0.0410158
0.0241898
-0.183128
0.0371076
-0.0729104
0.0699274
-0.094627
0.0738131
0.0284285
-0.131297
0.122209
-0.100649
0.167275
-0.0949071
-0.0690751
0.11199
-0.205897
0.154574
-0.0770143
0.146167
-0.0600776
0.0727184
0.077354
-0.11121
0.0961418
-0.0633302
0.0172183
-0.105632
0.101867
-0.0157783
-0.116404
0
0.0350692
0.169492
-0.0699861
0.0761461
-0.00691403
-0.0530358
-0.119582
-0.0853233
-0.0569391
0.0558381
-0.130755
0.279797
-0.104231
0.168297
0.0154138
0.0591534
0.107445
0.0750424
-0.161221
-0.0410158
0.0241898
-0.183128
0.0371076
-0.0729104
0.0699274
-0.094627
0.0738131
0.0284285
-0.131297
0.122209
-0.100649
0.167275
-0.0949071
-0.0690751
0.11199
-0.205897
0.154574
-0.0770143
0.146167
-0.0600776
0.0727184
0.077354
-0.11121
0.0961418
-0.0633302
0.0172183
-0.105632
0.101867
-0.0157783
-0.116404
0
0.0350692
0.169492
-0.0699861
0.0761461
-0.00691403
-0.0530358
-0.119582
-0.0853233
-0.0569391
0.0558381
-0.130755
0.279797
-0.104231
0.168297
0.0154138
0.0591534
0.107445
0.0750424
-0.161221
-0.0410158
0.0241898
-0.183128
0.0371076
-0.0729104
0.0699274
-0.094627
0.0738131
0.0284285
-0.131297
0.122209
-0.100649
0.167275
-0.0949071
-0.0690751
0.11199
-0.205897
0.154574
-0.0770143
0.146167
-0.0600776
0.0727184
0.077354
-0.11121
0.0961418
-0.0633302
0.0172183
-0.105632
0.101867
-0.0157783
-0.116404
0
0.0350692
0.169492
-0.0699861
0.0761461
-0.00691403
-0.0530358
-0.119582
-0.0853233
-0.0569391
0.0558381
-0.130755
0.279797
-0.104231
0.168297
0.0154138
0.0591534
0.107445
0.0750424
-0.161221
-0.0410158
0.0241898
-0.183128
0.0371076
-0.0729104
0.0699274
-0.094627
0.0738131
0.0284285
-0.131297
0.122209
-0.100649
0.167275
-0.0949071
-0.0690751
0.11199
-0.205897
0.154574
-0.0770143
0.146167
-0.0600776
0.0727184
0.077354
-0.11121
0.0961418
-0.0633302
0.0172183
-0.105632
0.101867
-0.0157783
-0.116404
0
0.0350692
0.169492
-0.0699861
0.0761461
-0.00691403
-0.0530358
-0.119582
-0.0853233
-0.0569391
0.0558381
-0.130755
0.279797
-0.104231
0.168297
0.0154138
0.0591534
0.107445
0.0750424
-0.161221
-0.0410158
0.0241898
-0.183128
0.0371076
-0.0729104
0.0699274
-0.094627
0.0738131
0.0284285
-0.131297
0.122209
-0.100649
0.167275
-0.0949071
-0.0690751
0.11199
-0.205897
0.154574
-0.0770143
0.146167
-0.0600776
0.0727184
0.077354
-0.11121
0.0961418
-0.0633302
0.0172183
-0.105632
0.101867
-0.0157783
-0.116404
0
0.0350692
0.169492
-0.0699861
0.0761461
-0.00691403
-0.0530358
-0.119582
-0.0853233
-0.0569391
0.0558381
-0.130755
0.279797
-0.104231
0.168297
0.0154138
0.0591534
0.107445
0.0750424
-0.161221
-0.0410158
0.0241898
-0.183128
0.0371076
-0.0729104
0.0699274
-0.094627
0.0738131
0.0284285
-0.131297
0.122209
-0.100649
0.167275
-0.0949071
-0.0690751
0.11199
-0.205897
0.154574
-0.0770143
0.146167
-0.0600776
0.0727184
0.077354
-0.11121
0.0961418
-0.0633302
0.0172183
-0.105632
0.101867
-0.0157783
-0.116404
0
0.0350692
0.169492
-0.0699861
0.0761461
-0.00691403
-0.0530358
-0.119582
-0.0853233
-0.0569391
0.0558381
-0.130755
0.279797
-0.104231
0.168297
0.0154138
0.0591534
0.107445
0.0750424
-0.161221
-0.0410158
0.0241898
-0.183128
0.0371076
-0.0729104
0.0699274
-0.094627
0.0738131
0.0284285
-0.131297
0.122209
-0.100649
0.167275
-0.0949071
-0.0690751
0.11199
-0.205897
0.154574
-0.0770143
0.146167
-0.0600776
0.0727184
0.077354
-0.11121
0.0961418
-0.0633302
0.0172183
-0.105632
0.101867
-0.0157783
-0.116404
0
0.0350692
0.169492
-0.0699861
0.0761461
-0.00691403
-0.0530358
-0.119582
-0.0853233
-0.0569391
0.0558381
-0.130755
0.279797
-0.104231
0.168297
0.0154138
0.0591534
0.107445
0.0750424
-0.161221
-0.0410158
0.0241898
-0.183128
0.0371076
-0.0729104
0.0699274
-0.094627
0.0738131
0.0284285
-0.131297
0.122209
-0.100649
0.167275
-0.0949071
-0.0690751
0.11199
-0.205897
0.154574
-0.0770143
0.146167
-0.0600776
0.0727184
0.077354
-0.11121
0.0961418
-0.0633302
0.0172183
-0.105632
0.101867
-0.0157783
-0.116404
0
0.0350692
0.169492
-0.0699861
0.0761461
-0.00691403
-0.0530358
-0.119582
-0.0853233
-0.0569391
0.0558381
-0.130755
0.279797
-0.104231
0.168297
0.0154138
0.0591534
0.107445
0.0750424
-0.161221
-0.0410158
0.0241898
-0.183128
0.0371076
-0.0729104
0.0699274
-0.094627
0.0738131
0.0284285
-0.131297
0.122209
-0.100649
0.167275
-0.0949071
-0.0690751
0.11199
-0.205897
0.154574
-0.0770143
0.146167
-0.0600776
0.0727184
0.077354
-0.11121
0.0961418
-0.0633302
0.0172183
-0.105632
0.101867
-0.0157783
-0.116404
0
0.0350692
0.169492
-0.0699861
0.0761461
-0.00691403
-0.0530358
-0.119582
-0.0853233
-0.0569391
0.0558381
-0.130755
0.279797
-0.104231
0.168297
0.0154138
0.0591534
0.107445
0.0750424
-0.161221
-0.0410158
0.0241898
-0.183128
0.0371076
-0.0729104
0.0699274
-0.094627
0.0738131
0.0284285
-0.131297
0.122209
-0.100649
0.167275
-0.0949071
-0.0690751
0.11199
-0.205897
0.154574
-0.0770143
0.146167
-0.0600776
0.0727184
0.077354
-0.11121
0.0961418
-0.0633302
0.0172183
-0.105632
0.101867
-0.0157783
-0.116404
0
0.0350692
0.169492
-0.0699861
0.0761461
-0.00691403
-0.0530358
-0.119582
-0.0853233
-0.0569391
0.0558381
-0.130755
0.279797
-0.104231
0.168297
0.0154138
0.0591534
0.107445
0.0750424
-0.161221
-0.0410158
0.0241898
-0.183128
0.0371076
-0.0729104
0.0699274
-0.094627
0.0738131
0.0284285
-0.131297
0.122209
-0.100649
0.167275
-0.0949071
-0.0690751
0.11199
-0.205897
0.154574
-0.0770143
0.146167
-0.0600776
0.0727184
0.077354
-0.11121
0.0961418
-0.0633302
0.0172183
-0.105632
0.101867
-0.0157783
-0.116404
0
1.05453
-0.108233
0.446994
-0.282439
1.03297
0.464938
0.690372
0.690372
0.690372
0.690372
0.690372
0.690372
0.690372
0.690372
0.690372
0.690372
0.690372
0.690372
0.690372
0.690372
-2.76381
0.572025
-0.616482
0.123209
-0.446862
0.550447
0.148722
0.285662
0.285662
0.285662
0.285662
0.285662
0.285662
0.285662
0.285662
0.285662
0.285662
0.285662
0.285662
0.285662
0.285662
-3.42555
0.666994
-1.90145
0.298398
-1.71546
0.644082
0.025358
0.307875
0.307875
0.307875
0.307875
0.307875
0.307875
0.307875
0.307875
0.307875
0.307875
0.307875
0.307875
0.307875
0.307875
1.62324
-0.371478
0.20812
0.0692148
0.772334
-0.4131
-0.00414642
-0.761771
-0.761771
-0.761771
-0.761771
-0.761771
-0.761771
-0.761771
-0.761771
-0.761771
-0.761771
-0.761771
-0.761771
-0.761771
-0.761771
4.8359
0.958162
0.0248294
0.20306
-0.14759
0.941262
0.27096
0.766152
0.766152
0.766152
0.766152
0.766152
0.766152
0.766152
0.766152
0.766152
0.766152
0.766152
0.766152
0.766152
0.766152
-4.52779
-0.468389
1.41091
1.46568
1.22753
-0.453361
1.55363
0.433462
0.433462
0.433462
0.433462
0.433462
0.433462
0.433462
0.433462
0.433462
0.433462
0.433462
0.433462
0.433462
0.433462
-7.30669
0.0827531
0.823376
0.306982
0.830909
0.0684538
0.385835
0.0303177
0.0303177
0.0303177
0.0303177
0.0303177
0.0303177
0.0303177
0.0303177
0.0303177
0.0303177
0.0303177
0.0303177
0.0303177
0.0303177
0
0.0827531
0.823376
0.306982
0.830909
0.0684538
0.385835
0.0303177
0.0303177
0.0303177
0.0303177
0.0303177
0.0303177
0.0303177
0.0303177
0.0303177
0.0303177
0.0303177
0.0303177
0.0303177
0.0303177
0
0.0827531
0.823376
0.306982
0.830909
0.0684538
0.385835
0.0303177
0.0303177
0.0303177
0.0303177
0.0303177
0.0303177
0.0303177
0.0303177
0.0303177
0.0303177
0.0303177
0.0303177
0.0303177
0.0303177
0
0.0827531
0.823376
0.306982
0.830909
0.0684538
0.385835
0.0303177
0.0303177
0.0303177
0.0303177
0.0303177
0.0303177
0.0303177
0.0303177
0.0303177
0.0303177
0.0303177
0.0303177
0.0303177
0.0303177
0
0.0827531
0.823376
0.306982
0.830909
0.0684538
0.385835
0.0303177
0.0303177
0.0303177
0.0303177
0.0303177
0.0303177
0.0303177
0.0303177
0.0303177
0.0303177
0.0303177
0.0303177
0.0303177
0.0303177
0
0.0827531
0.823376
0.306982
0.830909
0.0684538
0.385835
0.0303177
0.0303177
0.0303177
0.0303177
0.0303177
0.0303177
0.0303177
0.0303177
0.0303177
0.0303177
0.0303177
0.0303177
0.0303177
0.0303177
0
0.0827531
0.823376
0.306982
0.830909
0.0684538
0.385835
0.0303177
0.0303177
0.0303177
0.0303177
0.0303177
0.0303177
0.0303177
0.0303177
0.0303177
0.0303177
0.0303177
0.0303177
0.0303177
0.0303177
0
0.0827531
0.823376
0.306982
0.830909
0.0684538
0.385835
0.0303177
0.0303177
0.0303177
0.0303177
0.0303177
0.0303177
0.0303177
0.0303177
0.0303177
0.0303177
0.0303177
0.0303177
0.0303177
0.0303177
0
0.0827531
0.823376
0.306982
0.830909
0.0684538
0.385835
0.0303177
0.0303177
0.0303177
0.0303177
0.0303177
0.0303177
0.0303177
0.0303177
0.0303177
0.0303177
0.0303177
0.0303177
0.0303177
0.0303177
0
0.0827531
0.823376
0.306982
0.830909
0.0684538
0.385835
0.0303177
0.0303177
0.0303177
0.0303177
0.0303177
0.0303177
0.0303177
0.0303177
0.0303177
0.0303177
0.0303177
0.0303177
0.0303177
0.0303177
0
0.0827531
0.823376
0.306982
0.830909
0.0684538
0.385835
0.0303177
0.0303177
0.0303177
0.0303177
0.0303177
0.0303177
0.0303177
0.0303177
0.0303177
0.0303177
0.0303177
0.0303177
0.0303177
0.0303177
0
0.0827531
0.823376
0.306982
0.830909
0.0684538
0.385835
0.0303177
0.0303177
0.0303177
0.0303177
0.0303177
0.0303177
0.0303177
0.0303177
0.0303177
0.0303177
0.0303177
0.0303177
0.0303177
0.0303177
0
0.0827531
0.823376
0.306982
0.830909
0.0684538
0.385835
0.0303177
0.0303177
0.0303177
0.0303177
0.0303177
0.0303177
0.0303177
0.0303177
0.0303177
0.0303177
0.0303177
0.0303177
0.0303177
0.0303177
0
0.0827531
0.823376
0.306982
0.830909
0.0684538
0.385835
0.0303177
0.0303177
0.0303177
0.0303177
0.0303177
0.0303177
0.0303177
0.0303177
0.0303177
0.0303177
0.0303177
0.0303177
0.0303177
0.0303177
0
3.47775
-0.0449403
-0.0799714
-3.72391
2.6491
1.81046
0.304229
0.304229
0.304229
0.304229
0.304229
0.304229
0.304229
0.304229
0.304229
0.304229
0.304229
0.304229
0.304229
0.304229
-3.23408
-2.08266
-1.26063
-3.58987
-0.561499
-1.60538
-0.93726
0.396604
0.396604
0.396604
0.396604
0.396604
0.396604
0.396604
0.396604
0.396604
0.396604
0.396604
0.396604
0.396604
0.396604
-1.28035
-1.47584
0.550887
2.03354
3.05527
-1.2171
-0.941766
-0.691352
-0.691352
-0.691352
-0.691352
-0.691352
-0.691352
-0.691352
-0.691352
-0.691352
-0.691352
-0.691352
-0.691352
-0.691352
-0.691352
2.52403
-2.27539
-0.246286
-0.135232
4.96485
-2.97352
-1.46327
0.0648782
0.0648782
0.0648782
0.0648782
0.0648782
0.0648782
0.0648782
0.0648782
0.0648782
0.0648782
0.0648782
0.0648782
0.0648782
0.0648782
1.95666
2.87213
0.761364
0.754507
-2.42722
2.82872
-5.32939
-0.396572
-0.396572
-0.396572
-0.396572
-0.396572
-0.396572
-0.396572
-0.396572
-0.396572
-0.396572
-0.396572
-0.396572
-0.396572
-0.396572
-0.250183
7.74886e-05
-1.03165
-1.14017
-3.12597
0.219955
5.92253
0.140679
0.140679
0.140679
0.140679
0.140679
0.140679
0.140679
0.140679
0.140679
0.140679
0.140679
0.140679
0.140679
0.140679
-2.74535
