-0.0420994
0.356704
-0.177071
0.244684
-0.0868103
-0.299029
-0.197473
-0.00849539
-0.218456
0.194453
-0.0649305
0.298271
-0.0841859
0.115223
0.206206
0.0614654
0.18508
-0.0678344
-0.214467
-0.102064
-0.0306581
-0.28542
0.204128
-0.11034
0.0292855
0.0935192
0.0120978
-0.0909774
-0.0831219
0.209591
0.00690446
0.032079
-0.0140271
-0.237676
0.173668
-0.293186
0.231983
0.0123402
0.0531739
0.0709946
0.0545642
0.0517721
-0.0795635
0.0794202
-0.118525
-0.0769065
0.0532727
0.0302245
0.0938093
-0.0706887
6.1475
0.111484
-0.239595
0.0979168
-0.165702
0.110556
0.180104
0.110373
-0.0564479
0.186405
-0.166911
-0.0345591
-0.0643456
-0.012984
0.0278606
-0.2004
-0.0169187
-0.106357
0.128568
0.0608638
0.0951078
0.00816464
0.14143
-0.11803
0.0565957
-0.00380811
-0.142499
0.0751059
0.098394
-0.0368147
-0.0780959
-0.0973674
0.119852
-0.0973936
0.200845
-0.0951181
0.117083
-0.0982429
-0.0664885
0.0536894
-0.112303
0.0125877
-0.00712809
-0.0126438
0.0172537
0.0423956
0.0970769
-0.123107
0.0811743
-0.12481
0.0134915
-2.12533
-0.000480633
-0.0281328
0.0211652
-0.0129492
0.0138123
0.00892726
0.0109894
-0.00121899
0.0107845
-0.0222399
0.00142089
-0.0269894
-0.00588372
-0.0174173
-0.0185583
-0.00075021
-0.0123591
0.0124059
0.0119115
0.00975362
0.00577559
0.028221
-0.0052067
0.0144477
0.000751047
0.00354547
0.00464939
0.00101636
0.00229932
-0.00442764
0.00170387
0.00162616
-0.00409122
0.0149362
-0.0190164
0.0174406
-0.020213
-0.000401361
-0.00558969
-0.00756693
-0.00233198
-0.00326485
0.00704953
-0.00123157
0.00814873
0.0110518
0.00244958
0.013127
0.0051831
0.0222787
-5.80876
0.0787294
-0.224432
0.105824
-0.150035
0.102327
0.159057
0.0998511
-0.043044
0.16268
-0.158626
-0.0384356
-0.0988356
-0.0384255
-0.0120993
-0.190824
-0.0202331
-0.108626
0.116264
0.0677741
0.0937556
0.0301206
0.159115
-0.0872212
0.0779172
0.0128746
-0.107803
0.0656117
0.0830826
-0.0229588
-0.0607219
-0.0745214
0.0966075
-0.0844506
0.171841
-0.09866
0.111766
-0.104089
-0.0605125
0.0339887
-0.106084
0.0036795
-0.00850821
-0.0027036
0.0139849
0.0482947
0.100569
-0.084385
0.0986283
-0.0704182
0.0513543
-2.92421
-0.064119
0.304676
-0.100149
0.165008
-0.0351828
0.0138628
-0.165337
-0.0946525
-0.177722
0.108819
-0.192399
0.331874
-0.139253
0.154079
0.0644561
0.0754166
0.216311
0.0852962
-0.150958
-0.0685175
0.103486
-0.274273
0.0149024
-0.129991
0.117852
-0.0973724
0.0393131
0.0175218
-0.146924
0.11682
-0.0811229
0.159614
-0.0253709
-0.163426
0.186212
-0.302769
0.19718
-0.100956
0.156955
-0.0516978
0.0744733
0.123754
-0.115745
0.113406
-0.0421225
-0.0140925
-0.104608
0.0577259
0.0458253
-0.165347
2.57584
0.0856779
0.179658
0.0411359
0.0285366
0.0879842
-0.11285
-0.264436
-0.167472
-0.0427759
-0.0328257
-0.151485
0.359852
-0.133393
0.227983
0.00151745
0.167817
0.125836
0.192373
-0.255754
-0.0819655
0.0213786
-0.227316
0.000600539
-0.00353528
0.0761601
-0.152131
0.175747
0.0323496
-0.227957
0.194826
-0.110564
0.275016
-0.192838
-0.0598941
0.0570927
-0.232208
0.131535
-0.0711728
0.236811
-0.124186
0.151466
0.115628
-0.152724
0.141617
-0.0753971
0.0363853
-0.174522
0.250714
-0.0133032
-0.0916185
-2.90569
0.0591489
0.212559
-0.0698265
0.0792891
-0.00012643
-0.0947948
-0.163931
-0.115671
-0.0621773
0.0624324
-0.158034
0.344329
-0.126196
0.218515
0.0303694
0.0863675
0.122897
0.100332
-0.21403
-0.0547974
0.0196604
-0.227172
0.0499066
-0.0728173
0.0820639
-0.119483
0.0958685
0.0357068
-0.16514
0.16686
-0.12603
0.212189
-0.134302
-0.085994
0.127253
-0.248265
0.185564
-0.086442
0.185569
-0.0741674
0.0978535
0.0975463
-0.140684
0.119587
-0.0837138
0.025876
-0.129844
0.150141
-0.0150129
-0.136379
0
0.0591489
0.212559
-0.0698265
0.0792891
-0.00012643
-0.0947948
-0.163931
-0.115671
-0.0621773
0.0624324
-0.158034
0.344329
-0.126196
0.218515
0.0303694
0.0863675
0.122897
0.100332
-0.21403
-0.0547974
0.0196604
-0.227172
0.0499066
-0.0728173
0.0820639
-0.119483
0.0958685
0.0357068
-0.16514
0.16686
-0.12603
0.212189
-0.134302
-0.085994
0.127253
-0.248265
0.185564
-0.086442
0.185569
-0.0741674
0.0978535
0.0975463
-0.140684
0.119587
-0.0837138
0.025876
-0.129844
0.150141
-0.0150129
-0.136379
0
0.0591489
0.212559
-0.0698265
0.0792891
-0.00012643
-0.0947948
-0.163931
-0.115671
-0.0621773
0.0624324
-0.158034
0.344329
-0.126196
0.218515
0.0303694
0.0863675
0.122897
0.100332
-0.21403
-0.0547974
0.0196604
-0.227172
0.0499066
-0.0728173
0.0820639
-0.119483
0.0958685
0.0357068
-0.16514
0.16686
-0.12603
0.212189
-0.134302
-0.085994
0.127253
-0.248265
0.185564
-0.086442
0.185569
-0.0741674
0.0978535
0.0975463
-0.140684
0.119587
-0.0837138
0.025876
-0.129844
0.150141
-0.0150129
-0.136379
0
0.0591489
0.212559
-0.0698265
0.0792891
-0.00012643
-0.0947948
-0.163931
-0.115671
-0.0621773
0.0624324
-0.158034
0.344329
-0.126196
0.218515
0.0303694
0.0863675
0.122897
0.100332
-0.21403
-0.0547974
0.0196604
-0.227172
0.0499066
-0.0728173
0.0820639
-0.119483
0.0958685
0.0357068
-0.16514
0.16686
-0.12603
0.212189
-0.134302
-0.085994
0.127253
-0.248265
0.185564
-0.086442
0.185569
-0.0741674
0.0978535
0.0975463
-0.140684
0.119587
-0.0837138
0.025876
-0.129844
0.150141
-0.0150129
-0.136379
0
2.07253
-0.678159
-0.0606237
-0.366101
1.62251
0.893231
1.15923
1.15923
1.15923
1.15923
-3.12006
0.924241
0.054396
0.0149938
0.0491736
0.90305
1.07601
0.987741
0.987741
0.987741
0.987741
-5.87815
1.03244
0.066999
0.0188431
0.0626923
1.01556
1.49879
1.26651
1.26651
1.26651
1.26651
-7.76326
-1.63734
0.572452
0.0155931
0.429273
-1.33747
-0.718535
-0.834902
-0.834902
-0.834902
-0.834902
2.98676
1.65726
-0.19459
-0.0448303
-0.118725
1.56965
0.870903
1.29453
1.29453
1.29453
1.29453
-4.65886
1.08949
0.0377004
0.00136097
0.0385322
1.06399
2.07525
1.61109
1.61109
1.61109
1.61109
-8.13545
1.50204
-1.45675
-0.0464808
-1.00836
0.759637
0.544052
0.588862
0.588862
0.588862
0.588862
0
1.50204
-1.45675
-0.0464808
-1.00836
0.759637
0.544052
0.588862
0.588862
0.588862
0.588862
0
1.50204
-1.45675
-0.0464808
-1.00836
0.759637
0.544052
0.588862
0.588862
0.588862
0.588862
0
1.50204
-1.45675
-0.0464808
-1.00836
0.759637
0.544052
0.588862
0.588862
0.588862
0.588862
0
3.13093
0.40565
0.513499
-3.95691
2.67276
1.81523
0.0896105
0.0896105
0.0896105
0.0896105
-0.970632
0.664459
0.754801
1.28981
-0.986969
0.443083
2.33581
0.236465
0.236465
0.236465
0.236465
-4.55344
0.717192
0.769014
1.2893
-0.962833
0.499441
2.3187
0.2966
0.2966
0.2966
0.2966
-5.52563
-2.51945
-0.399695
-0.561111
2.25145
-2.80044
-2.115
-0.542935
-0.542935
-0.542935
-0.542935
5.86427
3.97012
0.481924
0.629441
-1.69044
3.37394
1.86256
1.919
1.919
1.919
1.919
-10.6556
1.18346
1.01682
1.75506
-1.84048
0.926078
4.36591
0.0623702
0.0623702
0.0623702
0.0623702
-6.01283
1.05948
0.0965528
0.0878361
-1.72262
0.51954
0.169038
1.05011
1.05011
1.05011
1.05011
0
1.05948
0.0965528
0.0878361
-1.72262
0.51954
0.169038
1.05011
1.05011
1.05011
1.05011
0
1.05948
0.0965528
0.0878361
-1.72262
0.51954
0.169038
1.05011
1.05011
1.05011
1.05011
0
1.05948
0.0965528
0.0878361
-1.72262
0.51954
0.169038
1.05011
1.05011
1.05011
1.05011
0
5.61319
1.02236
1.01668
-4.16192
4.17735
2.45487
0.656838
0.656838
0.656838
0.656838
-2.40734
-3.76849
-0.659169
-0.663433
2.95476
-2.17622
-1.36729
-1.99711
-1.99711
-1.99711
-1.99711
1.61527
-3.38835
-0.626194
-0.593921
-0.880634
-3.66666
-1.40982
1.62061
1.62061
1.62061
1.62061
-2.78911
-3.19183
-0.723944
-0.701277
4.8279
-3.91401
-2.97202
0.216654
0.216654
0.216654
0.216654
2.73115
3.41111
-2.205
-2.15781
-4.5892
4.93543
-5.20193
-0.541112
-0.541112
-0.541112
-0.541112
-1.9031
1.02484
1.83618
1.77645
-3.52412
1.01898
5.74956
-0.771015
-0.771015
-0.771015
-0.771015
-2.83261
