-0.16826
-0.101213
-0.298832
-0.399803
-0.116156
0.424146
0.542764
0.177764
-0.14524
-0.165491
0.277678
0.0562743
-0.37438
-0.91072
0.138486
0.10099
-0.472779
-0.0993951
0.597066
0.214896
0.137276
0.20664
0.156486
-0.0975444
0.176552
-0.0996205
0.0272081
0.0653863
-0.00147337
-0.370921
-0.321968
-0.0628277
0.331711
-0.0195863
0.168907
0.232563
-0.324886
-0.535796
-0.138312
-0.210701
-0.184395
0.160141
0.326253
-0.047348
0.199748
0.175782
-0.264966
-0.393288
-0.130863
-0.366218
-3.12526
-0.0311649
-0.00655082
-0.00327988
-0.00459255
-0.00657345
-0.00531114
-0.0240467
0.0153055
0.00650101
0.00820787
0.0113457
0.00513201
-0.00237539
0.0240819
0.00983586
-0.00700761
0.0265207
0.0270497
-0.0225217
-0.0160972
0.00611296
0.00870093
-0.0118701
0.0163801
-0.00858286
-0.00178396
-0.00261212
-0.0181753
-0.00451271
-0.00579435
0.017522
0.0106539
-0.00509138
0.00349366
0.00465409
0.00246676
-0.00732444
0.0350298
0.0180386
0.0134246
0.0382764
0.0287245
0.00608739
0.00639405
0.0138262
-0.0189886
0.00469865
0.0301947
0.0109528
0.0256301
-4.82341
-0.0138415
-0.00037045
0.00103407
-0.000242687
-0.00139959
-0.00223038
-0.00936424
0.00529481
0.00643139
-0.00311222
0.00468308
0.00140997
0.00198332
0.00684231
0.00477212
-0.00232456
0.01356
0.0105558
-0.00969797
-0.00643516
0.00365996
0.000930747
-0.0038377
0.00535251
-0.00376487
-0.0019208
-8.73242e-06
-0.0100507
0.00151859
-0.00269032
0.0079811
0.00438498
-0.00140412
0.00110677
0.000360647
0.00208852
-0.00264926
0.0136318
0.00904183
0.00471487
0.0158556
0.0106542
0.00315184
-0.000272687
0.0066514
-0.00868443
0.0017629
0.0144036
0.00529502
0.0108451
-4.77848
-0.207284
-0.0551131
-0.236031
-0.277111
-0.201301
0.15409
0.260354
0.278654
-0.1543
-0.102053
0.249633
-0.0641648
-0.294068
-0.714767
0.0100582
0.0632876
-0.325207
-0.0176471
0.51765
0.263709
-0.0447546
0.267178
0.224212
0.0342094
0.28911
-0.109346
-0.0203147
0.0606012
0.0205294
-0.328823
-0.234376
-0.0852756
0.151236
0.0139776
0.122772
0.252833
-0.282038
-0.399177
-0.200291
-0.277786
-0.0446798
0.166368
0.383193
0.146856
0.197526
0.125616
-0.102892
-0.222128
-0.062531
-0.176914
1.36645
-0.00866765
-0.00499204
-0.00357374
0.0002566
-0.00214269
-0.00326624
-0.0181541
0.000797647
0.00724919
0.00619497
-0.0018834
0.0026802
-0.000840208
0.0273544
0.00287559
-0.00569718
0.0187225
0.0162003
-0.0160112
-0.00829166
0.00448109
0.00259826
-0.00689927
0.0115432
-0.00783817
-0.00356898
0.00221159
-0.0083433
-0.00470738
-9.72328e-07
0.010421
0.00831461
-0.00883905
0.0043432
0.00116084
-0.00472512
0.00103967
0.0210868
0.0132355
0.0101783
0.0236728
0.0142612
-0.000504998
0.00587218
0.00672629
-0.00800092
0.00551297
0.0230005
0.00627199
0.0187512
-5.35634
-0.0838744
-0.00735222
-0.0160662
0.060134
-0.0302071
0.0583141
-0.0425371
-0.0257838
0.214878
-0.219317
-0.0406461
0.00348291
0.254026
0.0446511
-0.012259
-0.0254809
0.212588
-0.0649962
-0.0234509
0.00727211
0.140915
-0.103938
0.0219146
-0.0780092
-0.0679626
-0.0482665
0.0396102
-0.115034
0.146465
-0.0550166
0.0882273
-0.0533978
0.0519421
0.00850875
-0.0449176
0.0295778
0.135716
0.0876178
0.177774
0.106688
0.0795173
-0.0189269
0.0406546
-0.0742257
0.128804
0.0103628
0.133986
0.129251
0.105091
0.0943141
-2.8517
-0.205509
-0.0382544
0.0836445
-0.135484
-0.0016472
-0.122153
0.0780662
0.17294
0.0789573
-0.430628
0.354257
-0.231613
0.549133
-0.547824
-0.0228748
0.188202
-0.154135
-0.227867
0.384696
0.279215
-0.140601
-0.0129692
0.147672
-0.224178
0.205954
-0.0674245
-0.0378294
-0.0371477
0.26042
-0.205977
-0.0264663
-0.280433
0.160021
0.0161701
-0.161334
0.451819
-0.00528192
-0.0590286
-0.00686228
-0.133966
-0.0725805
-0.195529
0.335661
0.0414094
0.187955
0.172463
0.174683
-0.172687
0.0405614
-0.0690202
0
-0.205509
-0.0382544
0.0836445
-0.135484
-0.0016472
-0.122153
0.0780662
0.17294
0.0789573
-0.430628
0.354257
-0.231613
0.549133
-0.547824
-0.0228748
0.188202
-0.154135
-0.227867
0.384696
0.279215
-0.140601
-0.0129692
0.147672
-0.224178
0.205954
-0.0674245
-0.0378294
-0.0371477
0.26042
-0.205977
-0.0264663
-0.280433
0.160021
0.0161701
-0.161334
0.451819
-0.00528192
-0.0590286
-0.00686228
-0.133966
-0.0725805
-0.195529
0.335661
0.0414094
0.187955
0.172463
0.174683
-0.172687
0.0405614
-0.0690202
0
-0.205509
-0.0382544
0.0836445
-0.135484
-0.0016472
-0.122153
0.0780662
0.17294
0.0789573
-0.430628
0.354257
-0.231613
0.549133
-0.547824
-0.0228748
0.188202
-0.154135
-0.227867
0.384696
0.279215
-0.140601
-0.0129692
0.147672
-0.224178
0.205954
-0.0674245
-0.0378294
-0.0371477
0.26042
-0.205977
-0.0264663
-0.280433
0.160021
0.0161701
-0.161334
0.451819
-0.00528192
-0.0590286
-0.00686228
-0.133966
-0.0725805
-0.195529
0.335661
0.0414094
0.187955
0.172463
0.174683
-0.172687
0.0405614
-0.0690202
0
-0.205509
-0.0382544
0.0836445
-0.135484
-0.0016472
-0.122153
0.0780662
0.17294
0.0789573
-0.430628
0.354257
-0.231613
0.549133
-0.547824
-0.0228748
0.188202
-0.154135
-0.227867
0.384696
0.279215
-0.140601
-0.0129692
0.147672
-0.224178
0.205954
-0.0674245
-0.0378294
-0.0371477
0.26042
-0.205977
-0.0264663
-0.280433
0.160021
0.0161701
-0.161334
0.451819
-0.00528192
-0.0590286
-0.00686228
-0.133966
-0.0725805
-0.195529
0.335661
0.0414094
0.187955
0.172463
0.174683
-0.172687
0.0405614
-0.0690202
0
-0.308023
0.0308686
0.027579
0.778283
0.0129797
0.133115
3.43357
3.43357
3.43357
3.43357
-15.5138
2.65415
0.0108307
0.0202406
3.37725
0.00925861
0.0553507
3.47402
3.47402
3.47402
3.47402
-17.7329
-3.10648
0.0328044
0.0283906
-2.45259
0.0284623
0.891713
1.81271
1.81271
1.81271
1.81271
-2.75285
2.37504
0.0166592
0.011045
3.10722
-0.00364846
-0.22316
1.76126
1.76126
1.76126
1.76126
-7.51689
0.550341
0.0223563
0.0108723
0.58036
0.0106572
0.0142281
0.570016
0.570016
0.570016
0.570016
-6.97357
-0.78046
0.0171157
0.00760879
-1.01466
0.0109747
-0.0175403
-0.631904
-0.631904
-0.631904
-0.631904
3.01332
1.00126
-0.0775098
-0.0453338
1.30629
-0.0628088
-0.312564
0.75349
0.75349
0.75349
0.75349
0
1.00126
-0.0775098
-0.0453338
1.30629
-0.0628088
-0.312564
0.75349
0.75349
0.75349
0.75349
0
1.00126
-0.0775098
-0.0453338
1.30629
-0.0628088
-0.312564
0.75349
0.75349
0.75349
0.75349
0
1.00126
-0.0775098
-0.0453338
1.30629
-0.0628088
-0.312564
0.75349
0.75349
0.75349
0.75349
0
-1.68505
1.16692
-5.34566
2.42859
0.265091
0.0654875
0.198337
0.198337
0.198337
0.198337
1.58166
3.06804
4.64769
2.92802
3.82813
0.539063
1.05366
2.77636
2.77636
2.77636
2.77636
-18.282
-0.38106
-1.29473
1.42939
-3.55575
-0.136963
3.5126
-1.44643
-1.44643
-1.44643
-1.44643
0.833697
0.711728
3.77066
-1.37023
5.13505
0.569423
-3.67077
-0.567266
-0.567266
-0.567266
-0.567266
0.847154
0.207813
0.895477
-2.64534
4.37248
0.279638
-1.82074
1.83699
1.83699
1.83699
1.83699
-3.75211
1.26186
-2.73477
4.01659
-1.00933
-0.147998
-1.02678
-0.681214
-0.681214
-0.681214
-0.681214
2.86888
-0.106132
-1.16024
0.0226189
0.0908049
0.0214958
0.392542
0.113112
0.113112
0.113112
0.113112
0
-0.106132
-1.16024
0.0226189
0.0908049
0.0214958
0.392542
0.113112
0.113112
0.113112
0.113112
0
-0.106132
-1.16024
0.0226189
0.0908049
0.0214958
0.392542
0.113112
0.113112
0.113112
0.113112
0
-0.106132
-1.16024
0.0226189
0.0908049
0.0214958
0.392542
0.113112
0.113112
0.113112
0.113112
0
4.67726
-6.60215
1.34897
-0.838715
0.137971
-3.02271
0.0210974
0.0210974
0.0210974
0.0210974
-0.256124
1.40588
4.22131
-1.82717
2.92982
-0.140698
-4.19395
-1.65782
-1.65782
-1.65782
-1.65782
-2.24095
-5.38301
1.87832
-2.57647
0.398473
0.369824
5.00815
0.280043
0.280043
0.280043
0.280043
-1.29509
1.66711
3.74875
-1.99425
6.24704
1.25805
-2.31066
-0.61052
-0.61052
-0.61052
-0.61052
-3.44675
-1.58756
-2.61181
-4.97876
-6.04029
5.4072
-0.0550124
-0.010034
-0.010034
-0.010034
-0.010034
-0.601344
-2.06816
-3.17892
3.50452
-5.05556
-3.88086
2.17537
-0.209399
-0.209399
-0.209399
-0.209399
1.81879
