0.0345854
-0.430334
0.513398
-0.535651
-0.0172298
-0.48013
0.449098
-0.470097
-0.536247
0.396333
0.0514356
-0.142175
-0.882191
-0.0224356
0.402803
-0.495821
-0.333399
0.0303227
-0.346054
-0.324407
0.00935739
0.0539719
-0.122125
0.445823
-0.025153
0.104637
-0.0963215
-0.150608
-0.571028
-0.399051
-0.0701909
0.32786
-0.439303
-0.458233
-0.0873996
0.0444883
0.147612
-0.0216505
-0.26567
-0.455888
0.167605
-0.236753
0.00150775
-0.371044
-0.223691
-0.192529
0.00675212
0.140135
0.278969
0.0212142
4.30536
-0.0637459
0.562959
-0.0436378
-0.147542
0.271684
0.34514
-0.310977
-0.287101
0.736948
0.135118
-0.0919486
0.133397
0.590569
0.335901
-0.225473
0.171922
0.956532
0.400558
0.22864
0.261376
0.36907
-0.424419
-0.03299
-0.355587
-0.151758
0.0851911
0.303917
0.19353
0.733028
0.57234
0.0503374
-0.279898
0.312791
0.282054
0.0235701
0.188164
0.012155
0.139789
0.480547
0.516183
0.53031
0.520929
0.375295
0.173672
0.238438
0.270253
-0.0864632
-0.0854545
-0.30197
0.0912295
-9.33321
-0.00997785
0.188682
-0.295193
0.110129
0.03908
0.0366205
-0.171133
0.186834
0.230556
-0.613435
0.485026
-0.176376
0.584456
-0.554701
-0.0674234
0.534562
-0.330963
-0.210455
0.060595
0.164636
0.00458198
0.0404208
-0.0322261
-0.411438
-0.135474
0.0635704
-0.184139
0.0233994
0.41047
0.0397297
-0.252196
-0.39081
0.299486
0.191018
-0.231724
-0.00740051
-0.191405
0.158539
0.0587203
0.226136
-0.373539
0.200028
0.0297069
0.233277
0.211567
0.186813
-0.159625
-0.0796391
-0.3947
0.200701
0.448942
-0.258665
-0.396282
0.168842
-0.122781
-0.349618
-0.403114
0.499998
-0.164427
-0.464723
0.414169
-0.0409774
-0.0442377
-0.670407
-0.195192
0.249115
-0.653303
-0.318897
0.0872924
-0.27744
-0.447766
0.105251
0.547107
0.443118
0.376616
0.0837549
0.291114
0.148979
-0.105886
-0.192489
-0.285374
0.0905571
0.522355
-0.0966327
-0.388951
0.0869392
0.107644
0.1768
-0.0120874
-0.272084
-0.242673
0.145648
-0.174082
0.16547
-0.484923
-0.142699
-0.17772
0.0951256
-0.140258
0.303797
0.0208448
8.96454
-0.038239
0.615074
-0.258349
0.575383
0.233129
0.512895
-0.637204
0.589825
0.275917
-0.346762
-0.330795
0.0888747
0.68958
0.161254
-0.520197
0.721483
0.676772
0.452985
0.768286
0.604084
0.530183
-0.132754
-0.0927746
-0.332451
0.595102
0.298692
0.505107
1.1184
0.625291
0.756045
0.286712
-0.613373
0.835077
0.673386
0.132997
0.129456
0.347913
0.115684
0.393452
0.399869
0.185746
0.382261
-0.0916255
0.550961
0.379197
0.440857
0.132042
0.535479
-0.216658
0.373707
-9.07936
-0.0429847
-0.0170276
-0.0524394
0.0487647
0.0645925
-0.247238
0.0709904
0.213618
-0.0737947
0.0946218
-0.0209845
-0.0110011
-0.120685
-0.221047
-0.0949359
-0.212245
-0.0371786
-0.0320233
-0.0835243
0.109548
0.0999736
0.122801
0.170321
0.21903
-0.0267892
0.416717
0.234017
0.154299
0.117446
0.190332
0.0949166
-0.10287
0.0476219
-0.0343142
0.0171456
0.0909312
0.105174
0.213784
-0.157772
0.0875887
-0.108665
-0.140682
-0.188938
-0.0877404
-0.199745
-0.0747013
0.0319565
0.122862
0.0799613
0.287294
-5.06484
-0.0810307
-0.173145
0.425855
-0.400932
0.0919074
-0.486643
0.256054
-0.229122
-0.337139
0.36543
-0.00668448
0.176283
-0.598015
-0.00263028
0.301049
-0.151199
0.149407
0.158177
-0.605449
-0.387673
-0.198052
0.0630345
0.27644
0.629467
-0.171774
0.161065
-0.0222111
-0.353679
-0.555692
-0.168266
0.239799
0.771679
-0.3828
-0.25806
0.268186
0.00995244
0.035335
0.210004
-0.0164378
-0.091561
0.445102
-0.0901515
0.174182
-0.354496
-0.293233
-0.597602
0.24478
-0.097294
0.598102
0.0643921
0
-0.0810307
-0.173145
0.425855
-0.400932
0.0919074
-0.486643
0.256054
-0.229122
-0.337139
0.36543
-0.00668448
0.176283
-0.598015
-0.00263028
0.301049
-0.151199
0.149407
0.158177
-0.605449
-0.387673
-0.198052
0.0630345
0.27644
0.629467
-0.171774
0.161065
-0.0222111
-0.353679
-0.555692
-0.168266
0.239799
0.771679
-0.3828
-0.25806
0.268186
0.00995244
0.035335
0.210004
-0.0164378
-0.091561
0.445102
-0.0901515
0.174182
-0.354496
-0.293233
-0.597602
0.24478
-0.097294
0.598102
0.0643921
0
-0.0810307
-0.173145
0.425855
-0.400932
0.0919074
-0.486643
0.256054
-0.229122
-0.337139
0.36543
-0.00668448
0.176283
-0.598015
-0.00263028
0.301049
-0.151199
0.149407
0.158177
-0.605449
-0.387673
-0.198052
0.0630345
0.27644
0.629467
-0.171774
0.161065
-0.0222111
-0.353679
-0.555692
-0.168266
0.239799
0.771679
-0.3828
-0.25806
0.268186
0.00995244
0.035335
0.210004
-0.0164378
-0.091561
0.445102
-0.0901515
0.174182
-0.354496
-0.293233
-0.597602
0.24478
-0.097294
0.598102
0.0643921
0
-0.0810307
-0.173145
0.425855
-0.400932
0.0919074
-0.486643
0.256054
-0.229122
-0.337139
0.36543
-0.00668448
0.176283
-0.598015
-0.00263028
0.301049
-0.151199
0.149407
0.158177
-0.605449
-0.387673
-0.198052
0.0630345
0.27644
0.629467
-0.171774
0.161065
-0.0222111
-0.353679
-0.555692
-0.168266
0.239799
0.771679
-0.3828
-0.25806
0.268186
0.00995244
0.035335
0.210004
-0.0164378
-0.091561
0.445102
-0.0901515
0.174182
-0.354496
-0.293233
-0.597602
0.24478
-0.097294
0.598102
0.0643921
0
-2.01107
-0.807117
-5.16255
-3.70385
-3.00312
-1.62895
0.285928
0.285928
0.285928
0.285928
8.9789
2.53637
-0.478162
-0.194709
2.29795
-0.825286
0.357531
2.13073
2.13073
2.13073
2.13073
-9.80919
-0.143131
0.114771
0.297115
0.0411557
0.320982
0.0726135
-0.156648
-0.156648
-0.156648
-0.156648
5.142
1.10675
-2.48328
-0.162725
0.549235
-3.49917
-0.00887305
0.838843
0.838843
0.838843
0.838843
5.01653
-1.94756
0.0951992
-4.02213
-3.76555
-2.78376
-0.89977
0.766841
0.766841
0.766841
0.766841
5.45032
-0.892585
3.09856
0.994944
0.877179
3.91241
-0.0589922
-0.295711
-0.295711
-0.295711
-0.295711
-5.57433
1.39776
-0.903502
0.384554
1.43469
-1.60176
-0.0117193
0.728226
0.728226
0.728226
0.728226
0
1.39776
-0.903502
0.384554
1.43469
-1.60176
-0.0117193
0.728226
0.728226
0.728226
0.728226
0
1.39776
-0.903502
0.384554
1.43469
-1.60176
-0.0117193
0.728226
0.728226
0.728226
0.728226
0
1.39776
-0.903502
0.384554
1.43469
-1.60176
-0.0117193
0.728226
0.728226
0.728226
0.728226
0
6.34513
-0.0625861
-6.31444
-3.12627
3.62365
-2.20518
-1.95545
-1.95545
-1.95545
-1.95545
11.8331
2.09874
1.1536
0.179578
4.73721
1.12693
-2.68593
2.68482
2.68482
2.68482
2.68482
-11.9897
-4.33685
-0.0554545
1.02307
-0.566631
-2.51452
0.390706
-0.893586
-0.893586
-0.893586
-0.893586
5.321
1.5914
0.824739
-1.74817
2.77053
0.705648
-3.37853
1.19072
1.19072
1.19072
1.19072
0.751176
2.12899
1.15384
-1.70715
1.64214
0.566778
-1.65956
1.90841
1.90841
1.90841
1.90841
-4.85294
-1.11312
-0.316493
1.19363
-1.39067
-0.42789
2.53628
-0.650418
-0.650418
-0.650418
-0.650418
-0.323169
0.245039
2.72981
-0.536804
-0.991564
1.15348
1.05567
-0.148109
-0.148109
-0.148109
-0.148109
0
0.245039
2.72981
-0.536804
-0.991564
1.15348
1.05567
-0.148109
-0.148109
-0.148109
-0.148109
0
0.245039
2.72981
-0.536804
-0.991564
1.15348
1.05567
-0.148109
-0.148109
-0.148109
-0.148109
0
0.245039
2.72981
-0.536804
-0.991564
1.15348
1.05567
-0.148109
-0.148109
-0.148109
-0.148109
0
6.383
2.06327
-6.09436
0.709129
2.98045
-1.76683
0.176982
0.176982
0.176982
0.176982
-3.56347
-6.26139
3.0931
1.08565
0.0554459
2.11489
-1.25514
-2.59174
-2.59174
-2.59174
-2.59174
-1.99619
-4.01128
-3.60937
4.18959
-1.78075
-4.3622
1.61951
1.77456
1.77456
1.77456
1.77456
2.73471
-9.83197
4.05556
2.09392
3.45491
1.43808
-1.08706
-0.675086
-0.675086
-0.675086
-0.675086
-0.990977
5.4789
-1.43884
-0.236784
1.29559
-0.343871
-2.11373
-1.7924
-1.7924
-1.7924
-1.7924
-1.62007
7.76062
-3.09194
-4.77907
-5.70154
-1.14458
1.36763
1.69034
1.69034
1.69034
1.69034
-0.461837
